  12.10   10.84    9.57    8.31    7.05    5.78    4.55    3.36    2.20    0.97    2.20    3.36    4.55    5.78    7.05    8.31    9.57   10.84   12.10   13.35
  11.94   10.66    9.38   ##      6.81    5.54    4.21   ##      1.02    0.00    1.02   ##      4.21    5.54    6.81   ##      9.38   10.66   11.94   13.22
  12.10   10.84    9.57   ##      7.05    5.78    4.55    3.36    2.20    0.97    2.20   ##      4.55    5.78    7.05   ##      9.57   10.84   12.10   13.35
  12.47   11.27   10.04   ##      7.61    6.51    5.44    4.37    3.52    2.60    3.52   ##      5.44    6.51    7.61    8.80   10.04   11.27   12.47   13.66
  12.98   ##     ##     ##     ##     ##     ##     ##     ##     ##     ##     ##     ##     ##     ##      9.64   10.71   11.81   ##     14.16
  13.70   12.65   11.63   10.61    9.56    8.50    7.49   ##      5.98    5.46    5.98   ##      7.49    8.50    9.56   10.61   11.63   12.65   13.70   14.77
  14.61   13.59   12.57   11.55   10.53    9.51    8.56   ##      7.21    6.82    7.21   ##      8.56    9.51   10.53   ##     12.57   13.59   14.61   15.63
  15.56   14.53   13.51   ##     11.48   10.56    9.69   ##      8.43    8.14    8.43   ##      9.69   10.56   11.48   ##     13.51   14.53   15.56   16.57
  16.49   15.47   14.45   ##     12.49   11.59   10.82   ##      9.65    9.37    9.65   10.10   10.82   11.59   12.49   ##     14.45   15.47   16.49   17.53
  17.43   ##     ##     ##     ##     ##     ##     ##     ##     ##     ##     ##     ##     ##     13.52   ##     15.39   ##     ##     18.45
  18.37   17.35   16.36   ##     ##     ##     ##     ##     12.07   11.83   12.07   12.39   13.06   13.81   14.58   ##     16.36   17.35   18.37   19.39
  19.31   18.30   17.39   ##     ##     ##     ##     ##     13.26   13.01   13.26   ##     14.19   14.92   15.68   ##     17.39   18.30   19.31   20.33
  20.25   19.32   18.42   ##     ##     ##     ##     ##     ##     ##     14.45   ##     15.31   16.05   16.80   ##     18.42   19.32   20.25   21.27
  21.26   20.36   19.46   ##     ##     ##     ##     ##     ##     ##     15.63   ##     16.43   17.17   17.91   ##     19.46   20.36   21.26   22.21
  22.29   ##     ##     ##     ##     ##     ##     ##     ##     ##     ##     ##     ##     ##     ##     ##     20.54   21.39   ##     23.19
  23.32   22.44   21.66   ##     20.16   ##     ##     ##     18.01   17.76   18.01   ##     18.72   19.42   20.16   ##     21.66   22.44   23.32   24.22
  24.35   23.53   22.77   ##     21.28   20.54   19.88   ##     19.19   18.95   19.19   ##     19.88   20.54   21.28   ##     22.77   23.53   24.35   25.26
  25.43   24.64   23.89   ##     22.41   21.67   21.04   ##     20.38   20.13   20.38   ##     21.04   21.67   22.41   ##     23.89   24.64   25.43   26.29
  26.52   25.76   25.01   ##     23.53   22.79   22.19   ##     21.57   21.32   21.57   ##     22.19   22.79   23.53   ##     25.01   25.76   26.52   27.33
  27.63   26.88   26.13   25.39   24.65   23.92   23.35   23.00   22.75   22.51   22.75   23.00   23.35   23.92   24.65   25.39   26.13   26.88   27.63   28.41
