  28.27   28.20   26.73   25.69   24.85   24.46   23.56   22.71   22.19   21.76   22.04   21.93   22.50   22.89   24.27   24.63   25.79   26.69   28.60   27.94
  27.48   26.46   25.66   25.41   23.87   23.81   22.69   22.41   21.37   21.42   21.19   21.62   21.74   22.35   23.41   24.12   25.11   26.05   27.10   28.96
  25.95   25.44   24.71   23.89   23.23   22.38   21.61   20.95   20.38   20.16   20.12   20.37   20.67   21.35   22.34   23.09   24.13   25.02   26.09   26.09
  25.36   24.16   23.41   23.13   22.25   21.51   20.53   19.87   19.32   19.14   19.13   19.23   19.61   20.32   21.28   21.99   22.98   23.94   24.69   24.91
  24.16   23.69   22.57   21.89   21.33   20.55   19.54   18.79   18.37   18.28   18.33   18.46   18.67   19.38   20.10   20.77   21.49   22.60   23.24   23.59
  23.64   22.93   21.87   21.11   20.52   19.89   18.77   17.89   17.30   16.98   17.16   17.21   17.43   17.94   18.79   19.51   20.30   21.31   22.05   22.52
  21.72   21.73   20.63   19.96   19.24   18.58   17.76   16.82   16.28   15.66   16.02   15.96   16.36   16.64   17.55   18.18   18.78   19.90   20.75   21.63
  20.89   20.75   19.71   18.85   18.10   17.36   16.49   15.65   14.76   14.53   14.51   14.54   14.72   15.07   15.95   16.62   17.36   18.51   19.47   19.71
  19.54   19.36   18.59   17.66   17.20   16.16   15.22   13.93   13.45   13.15   12.99   12.90   13.05   13.65   14.72   15.54   16.30   17.56   18.27   18.62
  18.95   18.44   17.46   16.54   15.76   15.01   14.03   13.27   12.54   12.30   12.09   12.56   12.65   13.60   13.76   14.24   15.20   16.37   17.30   17.48
  17.70   17.19   16.58   15.37   14.32   13.28   12.51   12.07   11.47   11.51   12.13   12.97   13.74   13.66   13.61   13.75   14.24   15.59   16.29   16.18
  17.08   16.33   15.59   14.62   13.42   12.57   11.65   10.65   10.44   10.98   13.92   14.41   14.76   15.04   13.88   14.15   13.57   14.60   15.56   15.93
  16.40   15.27   14.19   12.80   12.11   11.29   10.32    9.76    9.48   10.71   ##     ##     ##     ##     ##     13.29   12.64   13.40   14.59   15.36
  15.86   14.64   13.29   12.32   11.36   10.13    9.30    8.56    8.26   11.89   ##     ##     ##     ##     ##     14.19   11.88   12.87   13.37   13.98
  14.92   13.34   12.32   11.16   10.14    9.24    8.23    7.81    7.63    8.77   ##     ##     ##     ##     ##     14.28   11.04   11.59   12.03   12.96
  14.36   12.96   11.90   11.08    9.56    8.39    7.06    6.61    5.76    6.05   ##     ##     ##     ##     ##     12.72   10.15   10.25   10.89   11.68
  13.80   12.43   11.46   10.35    9.06    8.05    7.06    6.07    4.66    4.10   ##     ##     ##     ##     ##      9.13    8.68    9.01   10.12   10.49
  14.32   13.02   11.83   10.98    9.53    8.41    7.06    5.77    3.85    2.63    1.20    0.64    1.28    2.84    5.16    7.15    7.96    8.82    9.93   11.20
  14.94   13.56   12.09   10.59    9.59    8.35    6.62    5.32    3.66    2.88    1.68    0.95    1.31    2.75    4.34    6.30    8.16    9.30   10.12   11.62
  14.23   14.50   12.89   11.16   10.24    9.12    8.16    5.78    4.57    3.66    2.27    2.33    2.52    3.71    4.86    6.65    8.35    9.75   10.96   11.28
