   0.27    1.20    0.73    0.69    0.85    1.46    1.56    1.71    2.19    2.76    2.04    0.93    0.50   -0.11    2.27    3.63    3.79    3.69    4.60    2.94
   0.48    0.46    0.66    1.41    0.87    1.81    1.69    2.41    2.37    3.42    2.19    1.62    0.74    0.35    2.41    4.12    4.11    4.05    4.10    4.96
  -0.05    0.44    0.71    0.89    1.23    1.38    1.61    1.95    2.38    3.16    2.12    1.37    0.67    0.35    2.34    4.09    4.13    4.02    4.09    3.09
   0.36    0.16    0.41    1.13    1.25    1.51    1.53    1.87    2.32    3.14    2.13    1.23    0.61    0.32    2.28    3.99    3.98    3.94    3.69    2.91
   0.16    0.69    0.57    0.89    1.33    1.55    1.54    1.79    2.37    3.28    2.33    1.46    0.67    0.38    2.10    3.77    3.49    3.60    3.24    2.59
   0.64    0.93    0.87    1.11    1.52    1.89    1.77    1.89    2.30    2.98    2.16    1.21    0.43   -0.06    1.79    3.51    3.30    3.31    3.05    2.52
  -0.28    0.73    0.63    0.96    1.24    1.58    1.76    1.82    2.28    2.66    2.02    0.96    0.36   -0.36    1.55    3.18    2.78    2.90    2.75    2.63
  -0.11    0.75    0.71    0.85    1.10    1.36    1.49    1.65    1.76    2.53    1.51    0.54   -0.28   -0.93    0.95    2.62    2.36    2.51    2.47    1.71
  -0.46    0.36    0.59    0.66    1.20    1.16    1.22    0.93    1.45    2.15    0.99   -0.10   -0.95   -1.35    0.72    2.54    2.30    2.56    2.27    1.62
  -0.05    0.44    0.46    0.54    0.76    1.01    1.03    1.27    1.54    2.30    1.09    0.56   -0.35   -0.40    0.76    2.24    2.20    2.37    2.30    1.48
  -0.30    0.19    0.58    0.37    0.32    0.28    0.51    1.07    1.47    2.51    2.13    1.97    1.74    0.66    1.61    2.75    2.24    2.59    2.29    1.18
   0.08    0.33    0.59    0.62    0.42    0.57    0.65    0.65    1.44    2.98    4.92    4.41    3.76    3.04    2.88    4.15    2.57    2.60    2.56    1.93
   0.40    0.27    0.19   -0.20    0.11    0.29    0.32    0.76    1.48    3.71   ##     ##     ##     ##     ##      4.29    2.64    2.40    2.59    2.36
   0.86    0.64    0.29    0.32    0.36    0.13    0.30    0.56    1.26    5.89   ##     ##     ##     ##     ##      6.19    2.88    2.87    2.37    1.98
   0.92    0.34    0.32    0.16    0.14    0.24    0.23    0.81    1.63    3.77   ##     ##     ##     ##     ##      7.28    3.04    2.59    2.03    1.96
   1.36    0.96    0.90    1.08    0.56    0.39    0.06    0.61    0.76    2.05   ##     ##     ##     ##     ##      6.72    3.15    2.25    1.89    1.68
   1.80    1.43    1.46    1.35    1.06    1.05    1.06    1.07    0.66    1.10   ##     ##     ##     ##     ##      4.13    2.68    2.01    2.12    1.49
   3.32    3.02    2.83    2.98    2.53    2.41    2.06    1.77    0.85    0.63    0.20    0.64    0.28    0.84    2.16    3.15    2.96    2.82    2.93    3.20
   2.94    2.56    2.09    1.59    1.59    1.35    0.62    0.32   -0.34   -0.12   -0.32   -0.05   -0.69   -0.25    0.34    1.30    2.16    2.30    2.12    2.62
   1.23    2.50    1.89    1.16    1.24    1.12    1.16   -0.22   -0.43   -0.34   -0.73    0.33   -0.48   -0.29   -0.14    0.65    1.35    1.75    1.96    1.28
