 -6.24  -3.86  -2.92  -2.50  -2.20  -0.78  -0.97  -0.51  -0.78  -0.46  -0.38   0.04   0.03   0.16   0.92   1.49   2.71   4.36   7.02   5.12
 -4.71  -3.61  -1.52  -1.43  -1.33  -0.65  -0.23  -0.53  -0.49  -0.58  -0.67  -0.21  -0.04   0.52   1.03   ##     3.01   4.76   6.20   6.87
  ##    -2.35  -1.55  -1.36  -0.38  -0.22   0.13  -0.40  -0.49  -0.76  -0.40  -0.48   ##    -0.10   1.00   1.76   2.75   4.34   5.79   4.12
 -2.04  -1.84  -1.11  -0.48  -0.01   0.15   0.10  -0.27  -0.85  -1.00  -0.79  -0.61  -0.44  -0.30   0.53   ##     2.34   3.87   4.76   3.94
 -1.97  -0.92  -0.73  -0.54  -0.03   0.11   0.13  -0.40  -1.06  -1.15  -0.84  -0.93  -0.87  -0.69  -0.01   0.75   1.35   ##     4.36   3.74
 -1.24  -0.78  -0.32  -0.41  -0.00  -0.10  -0.07  -0.41  -1.00  -0.89  -0.63  -0.47   ##    -0.46  -0.14   0.28   1.02   ##     3.85   3.56
 -1.39  -0.33  -0.39  -0.46   ##     ##    -0.68  -0.97  -1.23  -1.02  -0.91  -0.76   ##    -1.03  -0.63  -0.12   0.54   1.87   3.18   2.66
 -0.12   ##     0.19  -0.32  -0.60  -0.91  -1.07  -1.13  -1.22  -0.94  -0.88  -0.69   ##    -1.22  -1.00  -0.64   0.07   1.67   2.78   2.34
 -0.15   0.11  -0.09  -0.42  -0.83  -1.02  -0.99  -1.34  -1.32   ##    -1.18  -0.88   ##    -1.31  -1.32  -1.10  -0.26   1.33   2.66   2.00
  0.24   0.04   0.25  -0.21  -0.45  -0.41   ##    -0.76  -0.91  -1.05  -1.31  -1.19  -1.20  -1.67  -1.72  -0.93  -0.28   1.32   2.39   ##  
  0.05   0.11  -0.00  -0.09  -0.45  -0.61  -0.86  -1.30  -1.07  -1.30  -1.16  -1.34  -1.44  -1.68  -1.68  -1.38  -0.40   ##     2.24   4.16
  0.74   0.05   0.30   0.07   0.02   ##    -0.55  -0.88   ##    -0.81  -1.15  -1.21  -1.37  -1.25  -1.40  -0.82  -0.43   ##     1.66   3.75
  1.11   0.35   0.48   0.42   0.17  -0.16  -0.41  -0.58   ##     ##    -0.76  -1.36  -1.32  -1.38  -1.25   ##    -0.47   0.21   1.60   3.01
  1.58   0.69   1.02   1.04   0.67  -1.44   ##    -0.14  -0.38  -0.32  -0.67  -0.96  -1.05   ##    -1.55  -1.37  -0.61   0.10   1.81   3.23
  1.69   1.44   ##     1.76   1.54   ##     0.65  -0.01   0.03   ##    -0.34  -1.06  -1.16  -1.22  -1.64  -1.35  -0.61   0.40   2.15   3.02
  2.40   1.81   2.13   2.34   2.18   1.83   ##     ##     0.62   ##     ##    -0.34  -0.73  -0.85  -1.46  -1.18  -0.62  -0.12   1.17   2.23
  2.88   2.93   3.19   3.31   ##     2.80   1.86   1.39   1.62   1.07   0.54   0.14  -0.37   ##    -0.63  -0.25  -0.35  -0.38  -0.05   1.63
  5.04   4.76   4.15   4.58   4.41   3.76   2.83   2.68   2.77   2.56   1.74   1.53   0.95   1.24   0.78   0.85  -0.20   0.53  -0.04   0.51
  ##     7.30   5.78   5.56   5.42   4.77   4.27   3.86   ##     ##     3.13   ##     2.51   ##     ##     1.81   0.24   0.32  -0.09   0.92
  8.11   9.76   9.18   7.92   7.52   6.92   5.81   5.41   5.14   4.83   4.51   4.39   4.45   4.76   4.75   3.84   0.98   0.87   0.45   1.31
