 31.76  33.14  33.08  32.50  31.80  32.22  31.03  30.49  29.22  28.54  27.62  27.04  26.03  25.16  24.92  24.49  24.71  25.36  27.02  26.12
 32.29  32.39  33.48  32.57  31.67  31.35  30.77  29.47  28.51  27.42  26.33  25.79  24.96  24.52  24.03   ##    24.01  24.76  25.20  26.87
  ##    32.65  32.45  31.64  31.62  30.78  30.13  28.60  27.51  26.24  25.60  24.52   ##    22.90  23.00  22.76  22.75  23.34  23.79  23.12
 32.96  32.16  31.89  31.52  30.99  30.15  29.10  27.73  26.15  25.00  24.21  23.39  22.56  21.70  21.53   ##    21.34  21.87  21.76  21.94
 32.03  32.08  31.27  30.46  29.97  29.11  28.13  26.60  24.94  23.85  23.16  22.07  21.13  20.31  19.99  19.75  19.35   ##    20.36  20.74
 31.76  31.22  30.68  29.59  29.00  27.90  26.93  25.59  24.00  23.11  22.37  21.53   ##    19.54  18.86  18.28  18.02   ##    18.85  19.56
 30.61  30.67  29.61  28.54   ##     ##    25.32  24.03  22.77  21.98  21.09  20.24   ##    17.97  17.37  16.88  16.54  16.87  17.18  17.66
 30.88   ##    29.19  27.68  26.40  25.09  23.93  22.87  21.78  21.06  20.12  19.31   ##    16.78  16.00  15.36  15.07  15.67  15.78  16.34
 29.85  29.11  27.91  26.58  25.17  23.98  23.01  21.66  20.68   ##    18.82  18.12   ##    15.69  14.68  13.90  13.74  14.33  14.66  15.00
 29.24  28.04  27.25  25.79  24.55  23.59   ##    21.24  20.09  18.95  17.69  16.81  15.80  14.33  13.28  13.07  12.72  13.32  13.39   ##  
 28.05  27.11  26.00  24.91  23.55  22.39  21.14  19.70  18.93  17.70  16.84  15.66  14.56  13.32  12.32  11.62  11.60   ##    12.24  13.16
 27.74  26.05  25.30  24.07  23.02   ##    20.45  19.12   ##    17.19  15.85  14.79  13.63  12.75  11.60  11.18  10.57   ##    10.66  11.75
 27.11  25.35  24.48  23.42  22.17  20.84  19.59  18.42   ##     ##    15.24  13.64  12.68  11.62  10.75   ##     9.53   9.21   9.60  10.01
 26.58  24.69  24.02  23.04  21.67  20.56   ##    17.86  16.62  15.68  14.33  13.04  11.95   ##     9.45   8.63   8.39   8.10   8.81   9.23
 25.69  24.44   ##    22.76  21.54   ##    18.65  16.99  16.03   ##    13.66  11.94  10.84   9.78   8.36   7.65   7.39   7.40   8.15   8.02
 25.40  23.81  23.13  22.34  21.18  19.83   ##     ##    15.62   ##     ##    11.66  10.27   9.15   7.54   6.82   6.38   5.88   6.17   6.23
 24.88  23.93  23.19  22.31   ##    19.80  17.86  16.39  15.62  14.07  12.54  11.14   9.63   ##     7.37   6.75   5.65   4.62   3.95   4.63
 26.04  24.76  23.15  22.58  21.41  19.76  17.83  16.68  15.77  14.56  12.74  11.53   9.95   9.24   7.78   6.85   4.80   4.53   2.96   2.51
  ##    26.30  23.78  22.56  21.42  19.77  18.27  16.86   ##     ##    13.13   ##    10.51   ##     ##     6.81   4.24   3.32   1.91   1.92
 27.11  27.76  26.18  23.92  22.52  20.92  18.81  17.41  16.14  14.83  13.51  12.39  11.45  10.76   9.75   7.84   3.98   2.87   1.45   1.31
