    38     37     36     35     34     33     32     31     30     29     28     27     26     25     24     23     22     21     20     21
    37     36     35     34     33     32     31     30     29     28     27     26     25     24     23   ##       21     20     19     20
  ##       35     34     33     32     31     30     29     28     27     26     25   ##       23     22     21     20     19     18     19
    35     34     33     32     31     30     29     28     27     26     25     24     23     22     21   ##       19     18     17     18
    34     33     32     31     30     29     28     27     26     25     24     23     22     21     20     19     18   ##       16     17
    33     32     31     30     29     28     27     26     25     24     23     22   ##       20     19     18     17   ##       15     16
    32     31     30     29   ##     ##       26     25     24     23     22     21   ##       19     18     17     16     15     14     15
    31   ##       29     28     27     26     25     24     23     22     21     20   ##       18     17     16     15     14     13     14
    30     29     28     27     26     25     24     23     22   ##       20     19   ##       17     16     15     14     13     12     13
    29     28     27     26     25     24   ##       22     21     20     19     18     17     16     15     14     13     12     11   ##  
    28     27     26     25     24     23     22     21     20     19     18     17     16     15     14     13     12   ##       10      9
    27     26     25     24     23   ##       21     20   ##       18     17     16     15     14     13     12     11   ##        9      8
    26     25     24     23     22     21     20     19   ##     ##       16     15     14     13     12   ##       10      9      8      7
    25     24     23     22     21     22   ##       18     17     16     15     14     13   ##       11     10      9      8      7      6
    24     23   ##       21     20   ##       18     17     16   ##       14     13     12     11     10      9      8      7      6      5
    23     22     21     20     19     18   ##     ##       15   ##     ##       12     11     10      9      8      7      6      5      4
    22     21     20     19   ##       17     16     15     14     13     12     11     10   ##        8      7      6      5      4      3
    21     20     19     18     17     16     15     14     13     12     11     10      9      8      7      6      5      4      3      2
  ##       19     18     17     16     15     14     13   ##     ##       10   ##        8   ##     ##        5      4      3      2      1
    19     18     17     16     15     14     13     12     11     10      9      8      7      6      5      4      3      2      1      0
