  17.03   15.81   14.58   13.35   12.10   10.84    9.57    8.31    7.05    5.78    4.55    3.36    2.20    0.97    2.20    3.36    4.55    5.78    7.05    8.31
  16.95   15.72   14.48   13.22   11.94   10.66    9.38    8.10    6.81    5.54    4.21    2.69    1.02    0.00    1.02    2.69    4.21    5.54    6.81    8.10
  17.03   15.81   14.58   13.35   12.10   10.84    9.57    8.31    7.05    5.78   ##     ##     ##     ##     ##     ##      4.55    5.78    7.05    8.31
  17.26   16.05   14.86   13.66   12.47   11.27   10.04    8.80    7.61    6.51   ##     ##     ##     ##     ##     ##      5.44    6.51    7.61    8.80
  17.74   16.55   15.35   14.16   ##     ##     ##     ##     ##     ##     ##     ##     ##     ##     ##     ##     ##     ##     ##      9.64
  18.26   17.07   15.90   14.77   13.70   12.65   11.63   10.61    9.56    8.50   ##     ##     ##     ##     ##     ##      7.49    8.50    9.56   10.61
  18.86   17.76   16.69   15.63   14.61   13.59   12.57   11.55   10.53    9.51    8.56    7.74    7.21    6.82    7.21    7.74    8.56    9.51   10.53   11.55
  19.68   18.62   17.58   16.57   15.56   14.53   13.51   12.49   11.48   10.56    9.69    8.91    8.43    8.14    8.43    8.91    9.69   10.56   11.48   12.49
  20.56   19.54   18.54   17.53   16.49   15.47   14.45   13.43   12.49   11.59   10.82   10.10    9.65    9.37    9.65   10.10   10.82   11.59   12.49   13.43
  21.51   20.50   19.49   18.45   17.43   16.41   15.39   14.42   13.52   12.69   11.94   11.25   10.88   10.60   10.88   11.25   11.94   12.69   13.52   14.42
  22.47   21.45   20.41   19.39   18.37   17.35   16.36   15.46   14.58   13.81   13.06   12.39   12.07   11.83   12.07   12.39   13.06   13.81   14.58   15.46
  23.41   22.38   21.35   20.33   19.31   18.30   17.39   16.49   15.68   14.92   14.19   13.55   13.26   13.01   13.26   13.55   14.19   14.92   15.68   16.49
  24.34   23.31   22.29   21.27   20.25   19.32   18.42   17.56   16.80   16.05   15.31   14.73   14.45   14.20   14.45   14.73   15.31   16.05   16.80   17.56
  25.27   24.25   23.23   22.21   21.26   20.36   19.46   18.67   17.91   17.17   16.43   15.91   15.63   15.39   15.63   15.91   16.43   17.17   17.91   18.67
  26.21   25.19   24.17   23.19   22.29   21.39   20.54   ##     ##     ##     ##     ##     16.82   16.57   16.82   17.09   17.57   18.30   19.04   19.78
  27.15   26.13   25.13   24.22   23.32   22.44   21.66   ##     ##     ##     ##     ##     18.01   17.76   18.01   18.27   18.72   19.42   20.16   20.90
  28.09   27.08   26.16   25.26   24.35   23.53   22.77   ##     ##     ##     ##     ##     19.19   18.95   19.19   19.45   19.88   20.54   21.28   22.02
  29.03   28.09   27.19   26.29   25.43   24.64   23.89   ##     ##     ##     ##     ##     20.38   20.13   20.38   20.63   21.04   21.67   22.41   23.15
  30.03   29.12   28.22   27.33   26.52   25.76   25.01   24.27   23.53   22.79   22.19   21.81   21.57   21.32   21.57   21.81   22.19   22.79   23.53   24.27
  31.06   30.16   29.25   28.41   27.63   26.88   26.13   25.39   24.65   23.92   23.35   23.00   22.75   22.51   22.75   23.00   23.35   23.92   24.65   25.39
