  14   13   12   11   10    9    8    7    6    5    4    3    2    1    2    3    4    5    6    7
  13   12   11   10    9    8    7    6    5    4    3    2    1    0    1    2    3    4    5    6
  14   13   12   11   10    9    8    7    6    5   ##     ##     ##     ##     ##     ##      4    5    6    7
  15   14   13   12   11   10    9    8    7    6   ##     ##     ##     ##     ##     ##      5    6    7    8
  16   15   14   13   ##     ##     ##     ##     ##     ##     ##     ##     ##     ##     ##     ##     ##     ##     ##      9
  17   16   15   14   15   16   17   18   19   20   ##     ##     ##     ##     ##     ##     13   12   11   10
  18   17   16   15   16   17   18   19   20   21   20   19   18   17   16   15   14   13   12   11
  19   18   17   16   17   18   19   20   21   22   21   20   19   18   17   16   15   14   13   12
  20   19   18   17   18   19   20   21   22   23   22   21   20   19   18   17   16   15   14   13
  21   20   19   18   19   20   21   22   23   24   23   22   21   20   19   18   17   16   15   14
  22   21   20   19   20   21   22   23   24   25   24   23   22   21   20   19   18   17   16   15
  23   22   21   20   21   22   23   24   25   26   25   24   23   22   21   20   19   18   17   16
  24   23   22   21   22   23   24   25   26   27   26   25   24   23   22   21   20   19   18   17
  25   24   23   22   23   24   25   26   27   28   27   26   25   24   23   22   21   20   19   18
  26   25   24   23   24   25   26   ##     ##     ##     ##     ##     26   25   24   23   22   21   20   19
  27   26   25   24   25   26   27   ##     ##     ##     ##     ##     27   26   25   24   23   22   21   20
  28   27   26   25   26   27   28   ##     ##     ##     ##     ##     28   27   26   25   24   23   22   21
  29   28   27   26   27   28   29   ##     ##     ##     ##     ##     29   28   27   26   25   24   23   22
  30   29   28   27   28   29   30   31   32   33   32   31   30   29   28   27   26   25   24   23
  31   30   29   28   29   30   31   32   33   34   33   32   31   30   29   28   27   26   25   24
