  14.53   15.99   15.34   15.97   17.17   19.18   20.60   21.91   25.46   26.11   24.29   20.30    7.37    3.20    0.72   -0.28    1.47    3.14    4.34    2.97
  15.37   15.46   15.94   16.54   17.48   18.87   20.35   21.35   24.11   24.44   27.66   23.23    7.78    3.40    1.88    2.26    3.89    4.46    3.89    4.02
  13.55   13.64   14.05   14.48   16.04   17.05   18.73   19.64   21.52   21.53   ##     ##     ##     ##     ##     ##      5.64    4.22    3.10    2.66
  12.02   11.57   11.85   12.92   13.76   14.94   16.29   17.38   18.71   20.71   ##     ##     ##     ##     ##     ##      8.98    4.92    2.30    2.82
  10.49   10.52   10.69   11.28   ##     ##     ##     ##     ##     ##     ##     ##     ##     ##     ##     ##     ##     ##     ##      2.69
   9.31    9.00    9.37    9.87    8.15    6.98    6.19    5.04    4.01    3.93   ##     ##     ##     ##     ##     ##      2.75    1.41    0.79    2.88
   8.19    8.24    8.33    8.72    7.09    5.59    4.52    3.05    1.67    0.56    2.30    2.43    1.81    1.35    0.30    0.11   -0.38    0.15    0.51    2.90
   8.16    7.65    7.72    8.01    6.10    4.58    3.35    1.92    0.41   -1.06   -0.17   -0.46   -0.92   -1.51   -2.12   -1.79   -1.36    0.29    1.37    3.33
   7.74    7.64    7.53    7.71    5.46    3.90    2.42    0.66   -1.13   -2.68   -1.84   -1.76   -1.84   -1.95   -1.95   -1.66   -0.91    0.30    1.54    3.23
   7.33    7.17    7.39    7.41    5.09    3.26    1.51   -0.34   -2.32   -4.00   -3.29   -3.13   -2.94   -2.80   -2.48   -1.91   -1.06    0.31    1.36    3.01
   7.24    7.46    7.65    7.71    5.16    3.00    0.97   -1.09   -3.17   -4.80   -3.96   -3.61   -3.45   -3.11   -2.61   -2.08   -1.22    0.00    1.03    2.67
   7.46    7.40    8.08    7.68    5.11    2.84    0.71   -1.40   -3.60   -5.09   -4.29   -4.03   -3.81   -3.47   -2.70   -2.23   -1.28   -0.33    0.70    2.51
   7.97    8.01    8.64    8.22    5.48    3.28    1.33   -0.50   -2.07   -3.11   -2.45   -2.54   -2.71   -2.37   -1.87   -1.44   -0.81    0.21    1.10    3.73
   7.49    7.96    8.81    8.42    5.85    3.58    1.53    1.04   -0.20   -0.46   -0.10   -0.72   -1.95   -2.23   -1.43   -1.24   -0.33    0.33    1.36    3.33
   7.08    7.83    8.68    8.61    6.63    4.70    3.29   ##     ##     ##     ##     ##     -0.10   -0.63   -0.48    0.20    0.68    1.93    2.84    6.01
   6.85    7.32    8.32    8.38    6.82    5.04    3.93   ##     ##     ##     ##     ##      0.11   -0.55   -0.13    0.29    1.29    2.39    3.45    5.42
   5.20    6.31    7.33    7.36    6.39    4.74    4.23   ##     ##     ##     ##     ##      1.30   -0.12    0.49    0.64    1.97    2.79    3.94    6.18
   4.91    6.07    6.32    6.95    5.90    4.53    3.04   ##     ##     ##     ##     ##      1.33    0.26    0.73    1.52    2.29    3.42    4.64    6.28
   3.60    5.20    5.05    5.44    4.63    3.58    2.32    1.17    0.35   -0.52    0.05    0.15   -0.04   -0.03    1.04    1.78    2.71    3.19    5.04    6.02
   0.57    4.10    5.23    4.97    4.56    3.37    2.42    0.81   -0.17   -1.66   -0.16    0.37    1.13    1.29    1.82    2.32    3.25    3.78    4.09    5.09
