  28.53   28.99   27.34   26.97   27.17   28.18   28.60   28.91   31.46   31.11   28.29   23.30    9.37    4.20    2.72    2.72    5.47    8.14   10.34    9.97
  28.37   27.46   26.94   26.54   26.48   26.87   27.35   27.35   29.11   28.44   30.66   25.23    8.78    3.40    2.88    4.26    6.89    8.46    8.89   10.02
  27.55   26.64   26.05   25.48   26.04   26.05   26.73   26.64   27.52   26.53   ##     ##     ##     ##     ##     ##      9.64    9.22    9.10    9.66
  27.02   25.57   24.85   24.92   24.76   24.94   25.29   25.38   25.71   26.71   ##     ##     ##     ##     ##     ##     13.98   10.92    9.30   10.82
  26.49   25.52   24.69   24.28   ##     ##     ##     ##     ##     ##     ##     ##     ##     ##     ##     ##     ##     ##     ##     11.69
  26.31   25.00   24.37   23.87   23.15   22.98   23.19   23.04   23.01   23.93   ##     ##     ##     ##     ##     ##     15.75   13.41   11.79   12.88
  26.19   25.24   24.33   23.72   23.09   22.59   22.52   22.05   21.67   21.56   22.30   21.43   19.81   18.35   16.30   15.11   13.62   13.15   12.51   13.90
  27.16   25.65   24.72   24.01   23.10   22.58   22.35   21.92   21.41   20.94   20.83   19.54   18.08   16.49   14.88   14.21   13.64   14.29   14.37   15.33
  27.74   26.64   25.53   24.71   23.46   22.90   22.42   21.66   20.87   20.32   20.16   19.24   18.16   17.05   16.05   15.34   15.09   15.30   15.54   16.23
  28.33   27.17   26.39   25.41   24.09   23.26   22.51   21.66   20.68   20.00   19.71   18.87   18.06   17.20   16.52   16.09   15.94   16.31   16.36   17.01
  29.24   28.46   27.65   26.71   25.16   24.00   22.97   21.91   20.83   20.20   20.04   19.39   18.55   17.89   17.39   16.92   16.78   17.00   17.03   17.67
  30.46   29.40   29.08   27.68   26.11   24.84   23.71   22.60   21.40   20.91   20.71   19.97   19.19   18.53   18.30   17.77   17.72   17.67   17.70   18.51
  31.97   31.01   30.64   29.22   27.48   26.28   25.33   24.50   23.93   23.89   23.55   22.46   21.29   20.63   20.13   19.56   19.19   19.21   19.10   20.73
  32.49   31.96   31.81   30.42   28.85   27.58   26.53   27.04   26.80   27.54   26.90   25.28   23.05   21.77   21.57   20.76   20.67   20.33   20.36   21.33
  33.08   32.83   32.68   31.61   30.63   29.70   29.29   ##     ##     ##     ##     ##     25.90   24.37   23.52   23.20   22.68   22.93   22.84   25.01
  33.85   33.32   33.32   32.38   31.82   31.04   30.93   ##     ##     ##     ##     ##     27.11   25.45   24.87   24.29   24.29   24.39   24.45   25.42
  33.20   33.31   33.33   32.36   32.39   31.74   32.23   ##     ##     ##     ##     ##     29.30   26.88   26.49   25.64   25.97   25.79   25.94   27.18
  33.91   34.07   33.32   32.95   32.90   32.53   32.04   ##     ##     ##     ##     ##     30.33   28.26   27.73   27.52   27.29   27.42   27.64   28.28
  33.60   34.20   33.05   32.44   32.63   32.58   32.32   32.17   32.35   32.48   32.05   31.15   29.96   28.97   29.04   28.78   28.71   28.19   29.04   29.02
  31.57   34.10   34.23   32.97   33.56   33.37   33.42   32.81   32.83   32.34   32.84   32.37   32.13   31.29   30.82   30.32   30.25   29.78   29.09   29.09
