   8.56    7.74    7.21    6.82    7.21    7.74    8.56    9.51   10.53   11.55   12.57   13.59   14.61   15.63   16.69   17.76   18.86   20.00   21.17   22.35
   7.49    6.56    5.98    5.46    5.98    6.56    7.49    8.50    9.56   10.61   11.63   12.65   13.70   14.77   15.90   17.07   18.26   19.44   20.63   21.82
   6.43    5.44    4.75    4.08    4.75    5.44    6.43    7.50    8.58    9.64   10.71   11.81   12.98   14.16   15.35   16.55   17.74   18.94   20.13   21.34
   5.44    4.37    3.52    2.60    3.52    4.37    5.44    6.51    7.61    8.80   10.04   11.27   12.47   13.66   14.86   16.05   17.26   18.47   19.68   20.88
   4.55    3.36    2.20    0.97    2.20    3.36    4.55    5.78    7.05    8.31    9.57   10.84   12.10   13.35   14.58   15.81   17.03   18.26   19.49   20.73
   4.21    2.69    1.02    0.00    1.02    2.69    4.21    5.54    6.81    8.10    9.38   10.66   11.94   13.22   14.48   15.72   16.95   18.18   19.42   20.67
   4.55    3.36    2.20    0.97    2.20    3.36    4.55   ##     ##     ##     ##     ##     12.10   13.35   14.58   15.81   17.03   18.26   19.49   20.73
   5.44    4.37    3.52    2.60    3.52    4.37    5.44   ##     ##     ##     ##     ##     12.47   13.66   14.86   16.05   17.26   18.47   19.68   20.88
   6.43    5.44    4.75    4.08    4.75    5.44    6.43   ##     ##     ##     ##     ##     12.98   14.16   15.35   16.55   17.74   18.94   20.13   21.34
   7.49    6.56    5.98    5.46    5.98    6.56    7.49   ##     ##     ##     ##     ##     13.70   14.77   15.90   17.07   18.26   19.44   20.63   21.82
   8.56    7.74    7.21    6.82    7.21    7.74    8.56   ##     ##     ##     ##     ##     14.61   15.63   16.69   17.76   18.86   20.00   21.17   22.35
   9.69    8.91    8.43    8.14    8.43    8.91    9.69   ##     ##     ##     ##     ##     15.56   16.57   17.58   18.62   19.68   20.75   21.84   22.96
  10.82   10.10    9.65    9.37    9.65   10.10   10.82   11.59   12.49   13.43   14.45   15.47   16.49   17.53   18.54   19.54   20.56   21.61   22.67   23.74
  11.94   11.25   10.88   10.60   10.88   11.25   11.94   12.69   13.52   14.42   15.39   16.41   17.43   18.45   19.49   20.50   21.51   22.52   23.54   24.60
  13.06   12.39   12.07   11.83   12.07   12.39   13.06   13.81   14.58   15.46   16.36   17.35   18.37   19.39   20.41   21.45   22.47   23.48   24.49   25.50
  14.19   13.55   13.26   13.01   13.26   13.55   14.19   14.92   15.68   16.49   17.39   18.30   19.31   20.33   21.35   22.38   23.41   24.44   25.45   26.46
  15.31   14.73   14.45   14.20   14.45   14.73   15.31   16.05   16.80   17.56   18.42   19.32   20.25   21.27   22.29   23.31   24.34   25.37   26.40   27.42
  16.43   15.91   15.63   15.39   15.63   15.91   16.43   17.17   17.91   18.67   19.46   20.36   21.26   22.21   23.23   24.25   25.27   26.30   27.33   28.36
  17.57   17.09   16.82   16.57   16.82   17.09   17.57   18.30   19.04   19.78   20.54   21.39   22.29   23.19   24.17   25.19   26.21   27.23   28.26   29.29
  18.72   18.27   18.01   17.76   18.01   18.27   18.72   19.42   20.16   20.90   21.66   22.44   23.32   24.22   25.13   26.13   27.15   28.17   29.18   30.22
