   8    7    6    5    6    7    8    9   10   11   12   13   14   15   16   17   18   19   20   21
   7    6    5    4    5    6    7    8    9   10   11   12   13   14   15   16   17   18   19   20
   6    5    4    3    4    5    6    7    8    9   10   11   12   13   14   15   16   17   18   19
   5    4    3    2    3    4    5    6    7    8    9   10   11   12   13   14   15   16   17   18
   4    3    2    1    2    3    4    5    6    7    8    9   10   11   12   13   14   15   16   17
   3    2    1    0    1    2    3    4    5    6    7    8    9   10   11   12   13   14   15   16
   4    3    2    1    2    3    4   ##     ##     ##     ##     ##     10   11   12   13   14   15   16   17
   5    4    3    2    3    4    5   ##     ##     ##     ##     ##     11   12   13   14   15   16   17   18
   6    5    4    3    4    5    6   ##     ##     ##     ##     ##     12   13   14   15   16   17   18   19
   7    6    5    4    5    6    7   ##     ##     ##     ##     ##     13   14   15   16   17   18   19   20
   8    7    6    5    6    7    8   ##     ##     ##     ##     ##     14   15   16   17   18   19   20   21
   9    8    7    6    7    8    9   ##     ##     ##     ##     ##     15   16   17   18   19   20   21   22
  10    9    8    7    8    9   10   11   12   13   14   15   16   17   18   19   20   21   22   23
  11   10    9    8    9   10   11   12   13   14   15   16   17   18   19   20   21   22   23   24
  12   11   10    9   10   11   12   13   14   15   16   17   18   19   20   21   22   23   24   25
  13   12   11   10   11   12   13   14   15   16   17   18   19   20   21   22   23   24   25   26
  14   13   12   11   12   13   14   15   16   17   18   19   20   21   22   23   24   25   26   27
  15   14   13   12   13   14   15   16   17   18   19   20   21   22   23   24   25   26   27   28
  16   15   14   13   14   15   16   17   18   19   20   21   22   23   24   25   26   27   28   29
  17   16   15   14   15   16   17   18   19   20   21   22   23   24   25   26   27   28   29   30
