   6.70    6.30    7.34    7.03    7.39    7.69    7.70    8.90    9.58   11.05   11.81   13.36   14.02   15.48   15.99   16.90   17.81   19.42   21.58   21.52
   6.07    5.57    4.72    4.70    4.87    5.71    5.47    7.84    8.07   10.11   10.87   12.05   13.16   14.51   15.46   16.43   17.46   18.91   20.32   22.25
   6.60    4.89    4.09    3.58    4.33    4.31    5.55    6.05    7.43    8.74   10.01   11.46   12.51   13.83   14.88   16.11   17.17   18.57   20.13   20.71
   5.86    4.23    2.96    2.31    2.80    4.07    5.28    5.96    6.42    8.58    9.41   10.84   11.96   13.15   14.39   15.30   16.59   18.19   19.88   20.50
   5.12    2.82    1.23    1.26    1.92    3.30    4.48    5.46    6.80    8.71    9.70   11.36   12.14   13.21   13.80   15.02   16.13   17.98   19.64   20.42
   4.14    2.12    0.61    0.39    1.28    2.89    3.85    5.64    7.97   11.52   11.91   13.65   12.25   13.02   13.91   14.70   16.05   17.94   19.86   20.46
   4.29    2.73    1.70    1.15    2.08    3.02    4.38   ##     ##     ##     ##     ##     13.43   13.91   13.93   15.13   16.27   18.07   19.54   20.39
   4.52    3.64    2.10    2.10    2.66    4.13    5.67   ##     ##     ##     ##     ##     15.45   14.35   14.84   15.49   16.87   18.39   20.13   20.82
   5.18    4.79    3.37    3.16    3.40    4.78    7.16   ##     ##     ##     ##     ##     18.38   16.36   15.42   16.52   17.38   19.00   20.48   21.69
   5.64    5.48    4.45    4.35    4.94    6.55    7.73   ##     ##     ##     ##     ##     18.54   17.05   16.93   17.64   18.31   19.87   21.35   22.08
   7.04    6.02    5.66    6.07    6.26    7.52    9.99   ##     ##     ##     ##     ##     17.94   17.57   17.75   18.50   19.29   20.58   21.71   22.75
   7.83    7.30    6.73    6.92    6.99    8.68   10.19   ##     ##     ##     ##     ##     18.28   17.78   18.91   19.55   20.47   21.65   22.77   23.50
   9.09    8.06    8.28    8.19    8.81    9.35   10.97   12.59   15.12   16.24   16.91   17.30   16.94   17.82   19.55   20.69   21.79   22.75   23.53   24.87
   9.86    9.67   10.02   10.05   10.69   10.83   12.14   12.67   13.61   13.96   15.25   16.19   17.27   18.67   20.65   21.75   23.08   23.93   24.68   25.50
  11.52   11.41   11.53   11.80   11.62   12.39   12.94   13.58   14.39   15.42   16.55   17.63   18.69   19.86   21.65   22.62   23.68   24.62   25.21   26.58
  12.07   12.49   12.73   12.68   12.77   12.88   13.63   14.34   15.65   16.64   18.05   18.89   20.15   21.14   22.76   23.26   24.42   25.18   25.82   26.63
  13.38   13.46   13.39   13.58   13.65   13.95   14.43   15.36   16.35   17.51   18.80   19.90   21.12   22.08   23.34   23.92   25.06   25.91   26.55   27.94
  14.74   14.68   14.53   14.74   15.09   15.57   16.10   17.08   17.71   18.70   19.88   20.74   22.07   23.12   24.19   24.73   25.80   26.79   27.58   28.55
  16.19   15.75   15.51   15.81   16.32   16.73   17.51   18.32   19.69   20.14   20.92   21.64   23.04   23.95   25.23   26.02   26.97   27.51   28.71   29.30
  16.15   16.92   16.57   16.56   17.21   17.59   18.52   19.55   21.29   21.61   22.71   23.17   24.19   24.90   26.40   27.20   28.47   29.01   29.22   29.37
