  -1.30   -0.70    1.34    2.03    1.39    0.69   -0.30   -0.10   -0.42    0.05   -0.19    0.36    0.02    0.48   -0.01   -0.10   -0.19    0.42    1.58    0.52
  -0.93   -0.43   -0.28    0.70   -0.13   -0.29   -1.53   -0.16   -0.93    0.11   -0.13    0.05    0.16    0.51    0.46    0.43    0.46    0.91    1.32    2.25
   0.60   -0.11    0.09    0.58    0.33   -0.69   -0.45   -0.95   -0.57   -0.26    0.01    0.46    0.51    0.83    0.88    1.11    1.17    1.57    2.13    1.71
   0.86    0.23   -0.04    0.31   -0.20    0.07    0.28   -0.04   -0.58    0.58    0.41    0.84    0.96    1.15    1.39    1.30    1.59    2.19    2.88    2.50
   1.12   -0.18   -0.77    0.26   -0.08    0.30    0.48    0.46    0.80    1.71    1.70    2.36    2.14    2.21    1.80    2.02    2.13    2.98    3.64    3.42
   1.14    0.12   -0.39    0.39    0.28    0.89    0.85    1.64    2.97    5.52    4.91    5.65    3.25    3.02    2.91    2.70    3.05    3.94    4.86    4.46
   0.29   -0.27   -0.30    0.15    0.08    0.02    0.38   ##     ##     ##     ##     ##      3.43    2.91    1.93    2.13    2.27    3.07    3.54    3.39
  -0.48   -0.36   -0.90    0.10   -0.34    0.13    0.67   ##     ##     ##     ##     ##      4.45    2.35    1.84    1.49    1.87    2.39    3.13    2.82
  -0.82   -0.21   -0.63    0.16   -0.60   -0.22    1.16   ##     ##     ##     ##     ##      6.38    3.36    1.42    1.52    1.38    2.00    2.48    2.69
  -1.36   -0.52   -0.55    0.35   -0.06    0.55    0.73   ##     ##     ##     ##     ##      5.54    3.05    1.93    1.64    1.31    1.87    2.35    2.08
  -0.96   -0.98   -0.34    1.07    0.26    0.52    1.99   ##     ##     ##     ##     ##      3.94    2.57    1.75    1.50    1.29    1.58    1.71    1.75
  -1.17   -0.70   -0.27    0.92   -0.01    0.68    1.19   ##     ##     ##     ##     ##      3.28    1.78    1.91    1.55    1.47    1.65    1.77    1.50
  -0.91   -0.94    0.28    1.19    0.81    0.35    0.97    1.59    3.12    3.24    2.91    2.30    0.94    0.82    1.55    1.69    1.79    1.75    1.53    1.87
  -1.14   -0.33    1.02    2.05    1.69    0.83    1.14    0.67    0.61   -0.04    0.25    0.19    0.27    0.67    1.65    1.75    2.08    1.93    1.68    1.50
  -0.48    0.41    1.53    2.80    1.62    1.39    0.94    0.58    0.39    0.42    0.55    0.63    0.69    0.86    1.65    1.62    1.68    1.62    1.21    1.58
  -0.93    0.49    1.73    2.68    1.77    0.88    0.63    0.34    0.65    0.64    1.05    0.89    1.15    1.14    1.76    1.26    1.42    1.18    0.82    0.63
  -0.62    0.46    1.39    2.58    1.65    0.95    0.43    0.36    0.35    0.51    0.80    0.90    1.12    1.08    1.34    0.92    1.06    0.91    0.55    0.94
  -0.26    0.68    1.53    2.74    2.09    1.57    1.10    1.08    0.71    0.70    0.88    0.74    1.07    1.12    1.19    0.73    0.80    0.79    0.58    0.55
   0.19    0.75    1.51    2.81    2.32    1.73    1.51    1.32    1.69    1.14    0.92    0.64    1.04    0.95    1.23    1.02    0.97    0.51    0.71    0.30
  -0.85    0.92    1.57    2.56    2.21    1.59    1.52    1.55    2.29    1.61    1.71    1.17    1.19    0.90    1.40    1.20    1.47    1.01    0.22   -0.63
