 -5.41   ##    -1.85   ##    -0.20   ##     2.89   3.25   2.82   3.38   3.45   4.25   3.67   4.31   4.62   5.65   5.11   4.46   4.77   5.16
 -3.71  -2.83  -0.96  -0.83  -0.06   ##     2.83   2.99   3.18   3.08   3.60   3.86   3.54   4.33   5.05   5.97   ##     ##     ##     7.58
 -2.42  -1.52  -0.84  -0.32   1.07   ##     ##     ##     3.01   2.95   3.93   3.66   3.89   ##     5.39   5.80   7.35   6.76   6.40   5.61
 -1.15  -2.94  -2.50   ##     1.27   1.97   2.39   ##     2.62   2.86   3.84   3.71   3.51   4.08   ##     5.37   6.55   ##     6.03   5.51
 -0.74   ##     ##     0.58   1.18   1.98   2.56   2.82   2.56   1.02   ##     ##     2.52   2.73   3.53   3.98   5.33   5.01   4.76   4.25
  0.19   0.63   0.96   1.29   ##     3.01   3.60   3.31   3.29   ##     4.67   3.80   2.33   2.27   3.00   3.82   4.71   4.62   4.46   4.42
  ##     ##     1.81   2.22   ##     3.62   4.19   3.92   3.26   ##     ##     3.77   2.46   1.96   2.52   3.00   3.88   3.78   ##     2.60
  ##     2.65   2.51   2.86   3.47   3.64   4.19   3.51   3.03   2.76   1.15   ##     2.27   2.04   ##     2.72   3.34   3.10   2.49   1.99
  2.72   3.52   3.74   ##     4.31   4.37   ##     3.64   2.75   2.61   ##     2.60   1.94   1.54   1.46   1.88   2.76   2.55   2.19   ##  
  3.88   ##     5.38   5.23   5.11   4.70   4.50   3.36   2.66   2.67   2.62   2.28   1.90   1.45   1.26   1.79   2.48   2.52   ##     1.82
  5.04   ##     6.50   6.40   6.04   5.98   ##     4.20   2.93   2.51   2.49   2.30   1.93   1.53   1.78   ##     2.95   2.59   2.26   1.73
  6.47   7.26   8.03   7.52   7.50   6.89   5.98   4.48   3.29   3.04   3.04   2.70   ##     1.93   1.82   ##     2.83   2.63   2.17   2.08
  6.25   ##     7.77   6.94   ##     7.83   6.52   5.17   3.83   3.28   3.09   2.68   2.31   1.95   2.00   2.31   2.94   2.53   2.63   2.53
  7.28   8.11   9.19   8.12   7.20   ##     ##     3.51   2.39   1.78   1.77   ##     2.94   3.07   2.70   3.27   3.77   3.51   ##     2.81
  7.86   8.93   ##     9.12   8.10   7.27   5.89   4.44   2.97   2.65   2.59   2.39   2.27   ##     3.60   3.86   4.26   3.48   3.06   2.82
  8.92   9.66  10.77   9.94   9.37   6.74   ##     5.69   4.11   3.65   3.71   2.01   ##     5.63   4.88   ##     5.45   ##     3.19   2.87
  8.97  10.27   ##    10.46   9.97   ##     ##     6.51   5.80   5.65   5.91   ##     7.99   ##     6.77   6.26   6.46   3.96   2.56   1.13
 10.33  11.52  11.56  11.33  11.14  10.47   9.28   7.92   7.03   ##     7.37   ##     9.38   8.85   8.23   8.10   7.25   4.54   ##    -1.76
  ##    12.67  11.99  11.48  11.37  11.15  11.07   9.46   8.73   8.23   8.30   8.35   8.32   8.26   ##    10.33   9.24   ##     5.41   ##  
  ##    11.54  12.46   ##    11.96  12.04   ##    10.19   9.04   8.55   8.36   8.42   8.61   ##     ##     ##    13.35  10.94   8.26   6.23
