 32.59   ##    34.15   ##    33.80   ##    34.89  34.25  32.82  32.38  31.45  31.25  29.67  29.31  28.62  28.65  29.11  29.46  30.77  30.16
 33.29  33.17  34.04  33.17  32.94   ##    33.83  32.99  32.18  31.08  30.60  29.86  28.54  28.33  28.05  27.97   ##     ##     ##    31.58
 33.58  33.48  33.16  32.68  33.07   ##     ##     ##    31.01  29.95  29.93  28.66  27.89   ##    27.39  26.80  27.35  27.76  28.40  28.61
 33.85  33.06  32.50   ##    32.27  31.97  31.39   ##    29.62  28.86  28.84  27.71  26.51  26.08   ##    25.37  25.55   ##    27.03  27.51
 33.26   ##     ##    31.58  31.18  30.98  30.56  29.82  28.56  28.02   ##     ##    24.52  23.73  23.53  22.98  23.33  24.01  24.76  25.25
 33.19  32.63  31.96  31.29   ##    31.01  30.60  29.31  28.29   ##    27.67  25.80  23.33  22.27  22.00  21.82  21.71  22.62  23.46  24.42
  ##     ##    31.81  31.22   ##    30.62  30.19  28.92  27.26   ##     ##    24.77  22.46  20.96  20.52  20.00  19.88  20.78   ##    21.60
  ##    32.65  31.51  30.86  30.47  29.64  29.19  27.51  26.03  24.76  24.15   ##    21.27  20.04   ##    18.72  18.34  19.10  19.49  19.99
 32.72  32.52  31.74   ##    30.31  29.37   ##    26.64  24.75  23.61   ##    21.60  19.94  18.54  17.46  16.88  16.76  17.55  18.19   ##  
 32.88   ##    32.38  31.23  30.11  28.70  27.50  25.36  23.66  22.67  21.62  20.28  18.90  17.45  16.26  15.79  15.48  16.52   ##    17.82
 33.04   ##    32.50  31.40  30.04  28.98   ##    25.20  22.93  21.51  20.49  19.30  17.93  16.53  15.78   ##    14.95  15.59  16.26  16.73
 33.47  33.26  33.03  31.52  30.50  28.89  26.98  24.48  22.29  21.04  20.04  18.70   ##    15.93  14.82   ##    13.83  14.63  15.17  16.08
 34.25   ##    33.77  31.94   ##    28.83  26.52  24.17  21.83  20.28  19.09  17.68  16.31  14.95  14.00  13.31  12.94  13.53  14.63  15.53
 34.28  34.11  34.19  32.12  30.20   ##     ##    23.51  21.39  19.78  18.77   ##    15.94  15.07  13.70  13.27  12.77  13.51   ##    14.81
 33.86  33.93   ##    32.12  30.10  28.27  25.89  23.44  20.97  19.65  18.59  17.39  16.27   ##    13.60  12.86  12.26  12.48  13.06  13.82
 33.92  33.66  33.77  31.94  30.37  28.74   ##    23.69  21.11  19.65  18.71  18.01   ##    15.63  13.88   ##    12.45   ##    12.19  12.87
 32.97  33.27   ##    31.46  29.97   ##     ##    23.51  21.80  20.65  19.91   ##    17.99   ##    14.77  13.26  12.46  10.96  10.56  10.13
 33.33  33.52  32.56  31.33  30.14  28.47  26.28  23.92  22.03   ##    20.37   ##    18.38  16.85  15.23  14.10  12.25  10.54   ##     8.24
  ##    33.67  31.99  30.48  29.37  28.15  27.07  24.46  22.73  21.23  20.30  19.35  18.32  17.26   ##    15.33  13.24   ##     7.41   ##  
  ##    33.54  33.46   ##    30.96  30.04   ##    26.19  24.04  22.55  21.36  20.42  19.61   ##     ##     ##    16.35  12.94   9.26   6.23
