    38   ##       36   ##       34   ##       32     31     30     29     28     27     26     25     24     23     24     25     26     25
    37     36     35     34     33   ##       31     30     29     28     27     26     25     24     23     22   ##     ##     ##       24
    36     35     34     33     32   ##     ##     ##       28     27     26     25     24   ##       22     21     20     21     22     23
    35     36     35   ##       31     30     29   ##       27     26     25     24     23     22   ##       20     19   ##       21     22
    34   ##     ##       31     30     29     28     27     26     27   ##     ##       22     21     20     19     18     19     20     21
    33     32     31     30   ##       28     27     26     25   ##       23     22     21     20     19     18     17     18     19     20
  ##     ##       30     29   ##       27     26     25     24   ##     ##       21     20     19     18     17     16     17   ##       19
  ##       30     29     28     27     26     25     24     23     22     23   ##       19     18   ##       16     15     16     17     18
    30     29     28   ##       26     25   ##       23     22     21   ##       19     18     17     16     15     14     15     16   ##  
    29   ##       27     26     25     24     23     22     21     20     19     18     17     16     15     14     13     14   ##       16
    28   ##       26     25     24     23   ##       21     20     19     18     17     16     15     14   ##       12     13     14     15
    27     26     25     24     23     22     21     20     19     18     17     16   ##       14     13   ##       11     12     13     14
    28   ##       26     25   ##       21     20     19     18     17     16     15     14     13     12     11     10     11     12     13
    27     26     25     24     23   ##     ##       20     19     18     17   ##       13     12     11     10      9     10   ##       12
    26     25   ##       23     22     21     20     19     18     17     16     15     14   ##       10      9      8      9     10     11
    25     24     23     22     21     22   ##       18     17     16     15     16   ##       10      9   ##        7   ##        9     10
    24     23   ##       21     20   ##     ##       17     16     15     14   ##       10   ##        8      7      6      7      8      9
    23     22     21     20     19     18     17     16     15   ##       13   ##        9      8      7      6      5      6   ##       10
  ##       21     20     19     18     17     16     15     14     13     12     11     10      9   ##        5      4   ##        2   ##  
  ##       22     21   ##       19     18   ##       16     15     14     13     12     11   ##     ##     ##        3      2      1      0
