  19.54   18.54   17.53   16.49   15.47   14.45   13.43   12.49   11.59   10.82   10.10    9.65    9.37    9.65   10.10   10.82   11.59   12.49   13.43   14.45
  18.62   17.58   16.57   15.56   14.53   13.51   12.49   11.48   10.56    9.69    8.91    8.43    8.14    8.43    8.91    9.69   10.56   11.48   12.49   13.51
  17.76   16.69   15.63   14.61   13.59   12.57   11.55   10.53    9.51    8.56    7.74    7.21    6.82    7.21    7.74    8.56    9.51   10.53   11.55   12.57
  17.07   15.90   14.77   13.70   12.65   11.63   10.61    9.56    8.50   ##     ##     ##     ##     ##     ##      7.49    8.50    9.56   10.61   11.63
  16.55   15.35   14.16   12.98   11.81   10.71    9.64    8.58    7.50   ##     ##     ##     ##     ##     ##      6.43    7.50    8.58    9.64   10.71
  16.05   14.86   13.66   12.47   11.27   10.04    8.80    7.61    6.51   ##     ##     ##     ##     ##     ##      5.44    6.51    7.61    8.80   10.04
  15.81   14.58   13.35   12.10   10.84    9.57    8.31    7.05    5.78   ##     ##     ##     ##     ##     ##      4.55    5.78    7.05    8.31    9.57
  15.72   14.48   13.22   11.94   10.66    9.38    8.10    6.81    5.54    4.21    2.69    1.02    0.00    1.02    2.69    4.21    5.54    6.81    8.10    9.38
  15.81   14.58   13.35   12.10   10.84    9.57    8.31    7.05    5.78    4.55    3.36    2.20    0.97    2.20    3.36    4.55    5.78    7.05    8.31    9.57
  16.05   14.86   13.66   12.47   11.27   10.04    8.80    7.61    6.51    5.44    4.37    3.52    2.60    3.52    4.37    5.44    6.51    7.61    8.80   10.04
  16.55   15.35   14.16   12.98   11.81   10.71    9.64    8.58    7.50    6.43    5.44    4.75    4.08    4.75    5.44    6.43    7.50    8.58    9.64   10.71
  17.07   15.90   14.77   13.70   12.65   11.63   ##     ##     ##     ##     ##     ##      5.46    5.98    6.56    7.49    8.50    9.56   10.61   11.63
  17.76   16.69   15.63   14.61   13.59   12.57   ##     ##     ##     ##     ##     ##      6.82    7.21    7.74    8.56    9.51   10.53   11.55   12.57
  18.62   17.58   16.57   15.56   14.53   13.51   ##     ##     ##     ##     ##     ##      8.14    8.43    8.91    9.69   10.56   11.48   12.49   13.51
  19.54   ##     ##     ##     ##     ##     ##     ##     ##     ##     ##     ##      9.37    9.65   10.10   ##     ##     ##     ##     14.45
  20.50   19.49   18.45   17.43   16.41   15.39   ##     ##     ##     ##     ##     ##     10.60   10.88   11.25   11.94   12.69   13.52   14.42   15.39
  21.45   20.41   19.39   18.37   17.35   16.36   ##     ##     ##     ##     ##     ##     11.83   12.07   12.39   13.06   13.81   14.58   15.46   16.36
  22.38   21.35   20.33   19.31   18.30   17.39   16.49   15.68   14.92   14.19   13.55   13.26   13.01   13.26   13.55   14.19   14.92   15.68   16.49   17.39
  23.31   22.29   21.27   20.25   19.32   18.42   17.56   16.80   16.05   15.31   14.73   14.45   14.20   14.45   14.73   15.31   16.05   16.80   17.56   18.42
  24.25   23.23   22.21   21.26   20.36   19.46   18.67   17.91   17.17   16.43   15.91   15.63   15.39   15.63   15.91   16.43   17.17   17.91   18.67   19.46
