  19   18   17   16   15   14   13   12   11   12   13   14   13   12   11   10   11   12   13   14
  18   17   16   15   14   13   12   11   10   11   12   13   12   11   10    9   10   11   12   13
  17   16   15   14   13   12   11   10    9   10   11   12   11   10    9    8    9   10   11   12
  16   15   14   13   12   11   10    9    8   ##     ##     ##     ##     ##     ##      7    8    9   10   11
  15   14   13   12   11   10    9    8    7   ##     ##     ##     ##     ##     ##      6    7    8    9   10
  14   13   12   11   10    9    8    7    6   ##     ##     ##     ##     ##     ##      5    6    7    8    9
  13   12   11   10    9    8    7    6    5   ##     ##     ##     ##     ##     ##      4    5    6    7    8
  12   11   10    9    8    7    6    5    4    3    2    1    0    1    2    3    4    5    6    7
  13   12   11   10    9    8    7    6    5    4    3    2    1    2    3    4    5    6    7    8
  14   13   12   11   10    9    8    7    6    5    4    3    2    3    4    5    6    7    8    9
  15   14   13   12   11   10    9    8    7    6    5    4    3    4    5    6    7    8    9   10
  16   15   14   13   12   11   ##     ##     ##     ##     ##     ##      4    5    6    7    8    9   10   11
  17   16   15   14   13   12   ##     ##     ##     ##     ##     ##      5    6    7    8    9   10   11   12
  18   17   16   15   14   13   ##     ##     ##     ##     ##     ##      6    7    8    9   10   11   12   13
  19   ##     ##     ##     ##     ##     ##     ##     ##     ##     ##     ##      7    8    9   ##     ##     ##     ##     14
  20   21   22   21   20   19   ##     ##     ##     ##     ##     ##      8    9   10   11   12   13   14   15
  21   22   21   20   19   18   ##     ##     ##     ##     ##     ##      9   10   11   12   13   14   15   16
  22   21   20   19   18   17   16   15   14   13   12   11   10   11   12   13   14   15   16   17
  23   22   21   20   19   18   17   16   15   14   13   12   11   12   13   14   15   16   17   18
  24   23   22   21   20   19   18   17   16   15   14   13   12   13   14   15   16   17   18   19
