  19.47   19.37   18.36   17.52   16.79   16.34   15.27   14.18   13.44   13.23   12.91   12.70   12.79   12.53   12.17   12.43   12.55   13.50   14.68   14.94
  19.53   18.57   17.94   16.90   16.02   15.20   13.77   13.39   12.95   13.34   14.17   13.69   13.97   13.03   12.31   11.79   11.61   12.65   13.17   14.78
  18.67   17.87   17.26   16.15   15.43   13.90   12.85   12.59   12.38   13.14   14.04   14.44   14.39   13.42   12.05   10.76   11.03   11.38   12.37   12.99
  17.86   17.08   16.27   15.39   14.33   13.17   12.29   12.21   14.30   ##     ##     ##     ##     ##     ##     11.20   10.14   10.39   11.24   11.83
  17.13   16.47   15.43   13.97   13.15   12.20   11.15   10.96   12.21   ##     ##     ##     ##     ##     ##     11.50    9.27    9.78   10.03   10.58
  16.75   15.78   14.64   13.47   12.43   11.44   10.47   10.04   11.41   ##     ##     ##     ##     ##     ##      9.30    8.00    8.65    9.08    9.46
  16.19   14.93   13.73   12.56   11.46   10.39    9.35    8.96    8.68   ##     ##     ##     ##     ##     ##      6.86    7.02    7.86    7.98    8.82
  16.00   14.82   13.52   12.54   11.48   10.04    8.86    8.10    6.96    5.07    3.11    1.93    0.44    0.99    2.45    3.95    5.47    7.07    7.49    8.61
  15.79   14.61   13.26   12.24   11.23    9.77    9.00    8.11    7.02    4.99    2.99    2.22    1.22    1.61    2.86    3.61    5.28    6.84    7.26    8.45
  16.05   14.97   13.68   12.68   11.65   10.74   10.10    9.93    8.08    6.62    4.29    3.05    2.14    2.84    3.27    4.58    5.64    7.09    7.63    8.73
  16.15   14.97   13.72   12.66   12.03   11.98   12.28   12.43   12.01   10.13    7.15    4.63    3.07    3.68    4.27    5.26    6.50    7.64    8.17    9.20
  16.90   15.83   14.60   13.61   13.51   15.01   ##     ##     ##     ##     ##     ##      6.35    5.42    5.98    6.48    7.18    8.45    9.35   10.09
  17.50   16.55   15.66   15.20   15.06   17.10   ##     ##     ##     ##     ##     ##     11.34    8.58    7.56    7.59    8.58    8.95    9.64   10.75
  18.69   17.99   16.87   16.21   16.08   19.37   ##     ##     ##     ##     ##     ##     14.25   11.21    8.10    8.80    9.78   10.43   11.01   12.50
  20.12   ##     ##     ##     ##     ##     ##     ##     ##     ##     ##     ##     15.52   12.51    9.90   ##     ##     ##     ##     14.15
  20.64   19.75   18.48   17.61   17.81   19.55   ##     ##     ##     ##     ##     ##     13.83   12.03   11.04   11.61   12.22   13.53   14.61   15.22
  21.31   20.48   19.44   17.82   17.27   18.39   ##     ##     ##     ##     ##     ##     14.05   12.89   12.39   12.82   13.26   14.13   15.02   16.01
  22.39   21.95   19.84   19.23   17.91   17.65   18.45   18.40   18.45   17.96   16.88   15.16   13.74   13.31   13.58   14.46   14.97   15.80   16.35   16.88
  24.04   23.00   21.29   19.86   19.19   18.46   18.08   17.13   16.52   15.82   15.48   14.92   14.69   14.59   14.95   15.38   15.92   16.47   16.78   17.99
  23.74   23.89   22.86   21.24   20.33   19.29   18.69   18.11   17.48   16.67   16.10   15.90   15.68   15.66   15.80   16.18   16.53   17.17   17.51   17.84
