   0.47    1.37    1.36    1.52    1.79    2.34    2.27    2.18    2.44    1.23   -0.09   -1.30   -0.21    0.53    1.17    2.43    1.55    1.50    1.68    0.94
   1.53    1.57    1.94    1.90    2.02    2.20    1.77    2.39    2.95    2.34    2.17    0.69    1.97    2.03    2.31    2.79    1.61    1.65    1.17    1.78
   1.67    1.87    2.26    2.15    2.43    1.90    1.85    2.59    3.38    3.14    3.04    2.44    3.39    3.42    3.05    2.76    2.03    1.38    1.37    0.99
   1.86    2.08    2.27    2.39    2.33    2.17    2.29    3.21    6.30   ##     ##     ##     ##     ##     ##      4.20    2.14    1.39    1.24    0.83
   2.13    2.47    2.43    1.97    2.15    2.20    2.15    2.96    5.21   ##     ##     ##     ##     ##     ##      5.50    2.27    1.78    1.03    0.58
   2.75    2.78    2.64    2.47    2.43    2.44    2.47    3.04    5.41   ##     ##     ##     ##     ##     ##      4.30    2.00    1.65    1.08    0.46
   3.19    2.93    2.73    2.56    2.46    2.39    2.35    2.96    3.68   ##     ##     ##     ##     ##     ##      2.86    2.02    1.86    0.98    0.82
   4.00    3.82    3.52    3.54    3.48    3.04    2.86    3.10    2.96    2.07    1.11    0.93    0.44   -0.01    0.45    0.95    1.47    2.07    1.49    1.61
   2.79    2.61    2.26    2.24    2.23    1.77    2.00    2.11    2.02    0.99   -0.01    0.22    0.22   -0.39   -0.14   -0.39    0.28    0.84    0.26    0.45
   2.05    1.97    1.68    1.68    1.65    1.74    2.10    2.93    2.08    1.62    0.29    0.05    0.14   -0.16   -0.73   -0.42   -0.36    0.09   -0.37   -0.27
   1.15    0.97    0.72    0.66    1.03    1.98    3.28    4.43    5.01    4.13    2.15    0.63    0.07   -0.32   -0.73   -0.74   -0.50   -0.36   -0.83   -0.80
   0.90    0.83    0.60    0.61    1.51    4.01   ##     ##     ##     ##     ##     ##      2.35    0.42   -0.02   -0.52   -0.82   -0.55   -0.65   -0.91
   0.50    0.55    0.66    1.20    2.06    5.10   ##     ##     ##     ##     ##     ##      6.34    2.58    0.56   -0.41   -0.42   -1.05   -1.36   -1.25
   0.69    0.99    0.87    1.21    2.08    6.37   ##     ##     ##     ##     ##     ##      8.25    4.21    0.10   -0.20   -0.22   -0.57   -0.99   -0.50
   1.12   ##     ##     ##     ##     ##     ##     ##     ##     ##     ##     ##      8.52    4.51    0.90   ##     ##     ##     ##      0.15
   0.64   -1.25   -3.52   -3.39   -2.19    0.55   ##     ##     ##     ##     ##     ##      5.83    3.03    1.04    0.61    0.22    0.53    0.61    0.22
   0.31   -1.52   -1.56   -2.18   -1.73    0.39   ##     ##     ##     ##     ##     ##      5.05    2.89    1.39    0.82    0.26    0.13    0.02    0.01
   0.39    0.95   -0.16    0.23   -0.09    0.65    2.45    3.40    4.45    4.96    4.88    4.16    3.74    2.31    1.58    1.46    0.97    0.80    0.35   -0.12
   1.04    1.00    0.29   -0.14    0.19    0.46    1.08    1.13    1.52    1.82    2.48    2.92    3.69    2.59    1.95    1.38    0.92    0.47   -0.22   -0.01
  -0.26    0.89    0.86    0.24    0.33    0.29    0.69    1.11    1.48    1.67    2.10    2.90    3.68    2.66    1.80    1.18    0.53    0.17   -0.49   -1.16
