 -5.32   ##     ##    -5.61  -4.55  -2.65  -3.16  -2.83  -3.03  -2.37  -2.78  -2.39  -2.36  -3.75  -4.74  -5.91  -4.61  -3.28   ##     ##  
 -3.63  -2.71  -2.83  -4.84  -6.34  -5.00   ##    -2.73  -2.72   ##    -3.32  -2.49  -2.63   ##     ##     ##    -4.50  -3.22   ##    -2.44
 -2.44  -1.65  -2.66  -4.46  -4.99   ##     ##     ##    -2.76  -3.44  -3.19   ##    -2.34  -2.08  -1.50  -2.67   ##    -3.95  -3.87  -5.40
 -1.16  -1.06  -2.40  -3.42   ##    -1.98  -2.37  -4.89   ##    -3.49  -3.46   ##    -2.96  -2.60  -2.19  -3.31  -4.50  -4.90  -5.14  -5.77
 -0.85   0.26   ##     ##     1.35   ##    -2.48  -5.34   ##    -3.95  -3.84  -3.50   ##    -3.51  -3.00  -4.20  -5.39   ##    -7.49  -7.81
 -0.54   0.29   0.70   0.53   0.98  -0.87  -2.98  -5.34   ##    -3.70  -3.57  -3.34  -3.57  -3.62  -2.88   ##    -5.16  -5.64   ##    -9.66
 -0.12   ##     1.34   0.97   0.89  -1.14  -3.14  -5.57  -5.76   ##    -3.47  -3.53  -3.64  -3.80  -3.40  -4.42  -5.47  -5.27  -5.85   ##  
  1.37   ##     1.88   1.38   1.00  -0.98  -2.85  -5.29  -5.82  -5.42  -4.98  -4.76   ##    -3.67  -3.70  -4.71  -5.04   ##    -7.55  -8.25
  1.88   2.34   2.11   1.54   0.90  -1.06  -2.75   ##    -7.13  -6.41   ##     ##     ##    -3.17  -3.44  -3.94   ##     ##     ##    -9.72
  2.83   3.10   3.19   2.14   1.37   ##    -4.12  -5.76  -7.96   ##     2.72   1.84   0.84   ##    -3.00  -3.54   ##     ##   -13.66 -11.80
  2.73   3.28   3.03   2.38   1.58   1.47   ##    -6.73   ##     ##     0.24   ##     0.96  -0.97  -3.20  -3.17  -4.46   ##   -16.50 -13.84
  1.84   ##     3.54   2.73   1.82   1.46   2.03   ##     ##     1.37   ##     2.31   1.00   ##    -4.41   ##     ##     ##   -19.16 -17.06
  0.40   ##     3.83   3.39   ##     1.55   1.41   2.33   ##     1.28  -0.83   ##     1.22   0.71   ##     1.46   2.19   2.24   ##     ##  
  ##     4.93   4.48   3.88   2.79   1.57   0.92   0.93   0.92  -0.06  -1.77   ##     0.84   0.58   0.06   0.61   ##     1.76   2.72   4.91
  4.64   ##     5.06   2.84   ##     2.67   1.40   0.94   1.23   ##     ##     2.02   0.79   0.51  -0.33  -0.18   0.56   ##     2.85   4.02
  5.24   4.84   4.97   ##     ##     3.12   2.08   1.61   1.85   2.73   ##     ##     1.31   1.16  -0.08  -0.22  -0.18   0.19   1.43   2.58
  5.29   5.33   5.62   5.46   4.85   3.93   2.71   2.41   2.19   3.01   1.20   ##     1.64   1.47   0.56   ##     ##    -0.71  -0.22   1.48
  7.28   7.26   6.53   6.49   6.11   5.20   4.10   3.48   3.32   3.66   ##     ##     ##     3.27   2.09   1.87  -0.40   0.35  -0.13   0.46
  8.95   9.33   8.19   7.48   6.73   5.77   4.87   4.19   3.90   3.72   4.71   3.89   3.54   3.92   ##     2.57   0.30   0.16  -0.24   0.86
  7.09   9.42   9.30   7.81   ##     ##     4.97   ##     3.14   2.97   ##     ##     ##     5.37   5.26   4.47   1.18   0.89   0.32   1.26
