 32.68   ##     ##    33.39  33.45  34.35  32.84  32.17  30.97  30.63  29.22  28.61  27.64  27.25  27.26  27.09  27.39  27.72   ##     ##  
 33.37  33.29  34.17  33.16  32.66  33.00   ##    31.27  30.28   ##    27.68  27.51  26.37   ##     ##     ##    26.50  26.78   ##    29.56
 33.56  33.35  33.34  32.54  33.01   ##     ##     ##    29.24  27.56  26.81   ##    25.66  24.92  24.50  24.33   ##    25.05  26.13  25.60
 33.84  32.94  32.60  32.58   ##    32.02  30.63  29.11   ##    26.51  25.54   ##    24.04  23.40  22.81  22.69  22.50  23.10  23.86  24.23
 33.15  33.26   ##     ##    31.35   ##    29.52  27.66   ##    25.05  24.16  23.50   ##    21.49  21.00  20.80  20.61   ##    22.51  23.19
 32.46  32.29  31.70  30.53  29.98  29.13  28.02  26.66   ##    24.30  23.43  22.66  21.43  20.38  20.12   ##    19.84  20.36   ##    22.34
 31.88   ##    31.34  29.97  28.89  27.86  26.86  25.43  24.24   ##    22.53  21.47  20.36  19.20  18.60  18.58  18.53  19.73  20.15   ##  
 32.37   ##    30.88  29.38  28.00  27.02  26.15  24.71  23.18  22.58  22.02  21.24   ##    18.33  17.30  17.29  17.96   ##    19.45  19.75
 31.88  31.34  30.11  28.54  26.90  25.94  25.25   ##    22.87  22.59   ##     ##     ##    17.83  16.56  17.06   ##     ##     ##    19.28
 31.83  31.10  30.19  28.14  26.37   ##    24.88  24.24  23.04   ##    21.72  19.84  17.84   ##    16.00  16.46   ##     ##    17.34  18.20
 30.73  30.28  29.03  27.38  25.58  24.47   ##    24.27   ##     ##    20.24   ##    16.96  16.03  14.80  15.83  15.54   ##    15.50  17.16
 30.84   ##    28.54  26.73  24.82  23.46  23.03   ##     ##    21.37   ##    18.31  16.00   ##    14.59   ##     ##     ##    13.84  14.94
 30.40   ##    27.83  26.39   ##    22.55  21.41  21.33   ##    20.28  19.17   ##    15.22  13.71   ##    12.46  12.19  11.24   ##     ##  
  ##    28.93  27.48  25.88  23.79  21.57  19.92  18.93  17.92  17.94  17.23   ##    13.84  12.58  11.06  10.61   ##     9.76   9.72  10.91
 28.64   ##    27.06  25.84   ##    21.67  19.40  17.94  17.23   ##     ##    15.02  12.79  11.51   9.67   8.82   8.56   ##     8.85   9.02
 28.24  26.84  25.97   ##     ##    21.12  19.08  17.61  16.85  16.73   ##     ##    12.31  11.16   8.92   7.78   6.82   6.19   6.43   6.58
 27.29  26.33  25.62  24.46  22.85  20.93  18.71  17.41  16.19  16.01  15.20   ##    11.64  10.47   8.56   ##     ##     4.29   3.78   4.48
 28.28  27.26  25.53  24.49  23.11  21.20  19.10  17.48  16.32  15.66   ##     ##     ##    11.27   9.09   7.87   4.60   4.35   2.87   2.46
 28.95  28.33  26.19  24.48  22.73  20.77  18.87  17.19  15.90  14.72  14.71  12.89  11.54  10.92   ##     7.57   4.30   3.16   1.76   1.86
 28.09  29.42  28.30  25.81   ##     ##    19.97   ##    16.14  14.97   ##     ##     ##    11.37  10.26   8.47   4.18   2.89   1.32   1.26
