 -4.62   ##    -1.56   ##     ##     ##     ##    -0.72   ##    -0.82   ##     ##    -0.32  -1.61   ##     0.86   1.30   2.24   1.86   1.35
 -3.66   ##    -2.13  -1.33   ##     ##     0.29   0.09   ##     0.10   0.41   0.79   0.40   ##     ##     0.68   0.96   1.82   2.16   2.51
 -4.16  -3.32  -2.27  -1.07  -1.16  -0.16  -0.19   0.33  -0.10   0.59  -1.45   ##     0.45   0.46   ##    -0.46   ##     1.75   1.72   1.88
 -3.10  -2.55  -1.77  -0.82  -0.38   0.19   0.12   0.25   0.25   1.27   ##     1.19   0.50   0.76  -1.27  -0.21   0.32   1.90   ##    -0.15
  ##     ##     ##     0.71   ##     1.09   0.86   1.44   ##     1.55   0.98   0.91   0.69   0.44  -0.82  -0.35   0.54   1.41   3.16   ##  
  ##     0.19   0.48   1.10  -1.03  -0.07   ##     2.03   0.63   1.34   0.75   1.04   0.64   0.35  -0.86   ##     0.50   0.89   2.37   2.11
 -0.07  -1.61   ##     1.44   ##     ##     ##     ##     0.50   ##     ##     ##     ##     0.57   ##    -0.46  -0.15   ##     1.86   1.62
 -0.02   ##    -0.05   0.64   1.15   2.28   ##     ##    -0.15   0.19   0.53   ##     ##     0.57   1.20   ##    -0.07   ##     1.03   1.11
  0.29  -0.04  -0.27   0.41   ##     1.75   1.48   1.23   0.28  -0.21   0.22   0.15   0.53   0.04   0.67  -1.19  -0.56  -0.12   1.04   ##  
  ##     0.46  -0.14   0.33   0.59   1.54   1.32   1.11   0.32  -0.02   0.02  -0.06   ##     0.19   0.56  -1.21  -0.61  -0.36   1.10   2.89
  ##     0.30  -0.07   0.57   0.87   1.49   ##     1.08   0.52  -0.23  -0.44  -0.59  -0.16   0.00   0.66   ##     ##     ##     1.16   2.81
  ##     0.47  -0.21   0.32   0.73   1.68   ##     ##     0.42  -0.03  -0.02  -0.04   0.09   0.25   0.59   1.50   2.10   2.72   1.47   2.91
 -1.49  -1.67   ##     0.42   0.71   1.22   1.28   0.53   0.84   0.22   0.43   0.41   0.72   ##     1.16   ##     ##     2.44   ##     2.82
 -1.23  -1.29  -1.75  -1.26  -1.29  -0.69   ##     0.78   0.93   0.69   0.82   1.11   1.13   1.27   1.34   2.08   2.37   3.16   3.95   3.11
 -0.98  -0.71  -0.69  -0.30  -0.37  -0.31  -0.73  -1.47  -0.98  -0.95  -0.67   ##     ##    -0.16   ##     0.23   ##     2.98   3.46   3.14
  ##    -1.50  -1.44   ##    -0.74  -0.94  -1.39  -2.21  -2.36  -2.09  -2.11  -1.59   ##    -1.08  -1.27  -0.78   ##     3.12   3.61   ##  
 -2.66  -2.35   ##    -1.24  -1.38  -1.11   ##    -0.62  -1.23  -1.32   ##    -0.89   ##    -2.31  -2.12   ##     3.22   2.58   2.84   4.20
  ##    -2.24  -2.09  -1.94   ##     ##     2.07   0.85   ##    -0.18  -0.14   0.44   ##    -2.68   ##     4.75   3.41   2.11   0.76   1.34
  ##     ##    -2.53  -2.03   ##     ##     ##     1.89   1.01   0.97   0.88   1.30   1.17   ##     1.62   ##     1.42   ##    -0.58   0.76
  ##    -2.11  -2.41   ##     5.53   4.67   4.09   2.68   2.22   1.92   2.34   2.08   3.05   3.23   3.26   2.71   0.67  -3.35   ##     1.55
