 33.38   ##    34.44   ##     ##     ##     ##    30.28   ##    28.18   ##     ##    25.68  25.39   ##    25.86  25.30  25.24  25.86  26.35
 33.34   ##    32.87  32.67   ##     ##    31.29  30.09   ##    28.10  27.41  26.79  25.40   ##     ##    24.68  23.96  23.82  25.16  26.51
 31.84  31.68  31.73  31.93  30.84  30.84  29.81  29.33  27.90  27.59  26.55   ##    24.45  23.46   ##    22.54   ##    22.75  23.72  24.88
 31.90  31.45  31.23  31.18  30.62  30.19  29.12  28.25  27.25  27.27   ##    25.19  23.50  22.76  21.73  21.79  21.32  21.90   ##    23.85
  ##     ##     ##    31.71   ##    30.09  28.86  28.44   ##    26.55  24.98  23.91  22.69  21.44  21.18  20.65  20.54  20.41  21.16   ##  
  ##    32.19  31.48  31.10  29.97  29.93   ##    28.03  25.63  25.34  23.75  23.04  21.64  20.35  20.14   ##    19.50  18.89  19.37  20.11
 31.93  31.39   ##    30.44   ##     ##     ##     ##    24.50   ##     ##     ##     ##    19.57   ##    18.54  17.85   ##    17.86  18.62
 30.98   ##    28.95  28.64  28.15  28.28   ##     ##    22.85  22.19  21.53   ##     ##    18.57  18.20   ##    16.93   ##    16.03  17.11
 30.29  28.96  27.73  27.41   ##    26.75  25.48  24.23  22.28  20.79  20.22  19.15  18.53  17.04  16.67  15.81  15.44  14.88  15.04   ##  
  ##    28.46  26.86  26.33  25.59  25.54  24.32  23.11  21.32  19.98  19.02  17.94   ##    16.19  15.56  14.79  14.39  13.64  14.10  14.89
  ##    27.30  25.93  25.57  24.87  24.49   ##    22.08  20.52  18.77  17.56  16.41  15.84  15.00  14.66   ##     ##     ##    13.16  13.81
  ##    26.47  24.79  24.32  23.73  23.68   ##     ##    19.42  17.97  16.98  15.96  15.09  14.25  13.59  13.50  13.10  12.72  12.47  12.91
 26.51  25.33   ##    23.42  22.71  22.22  21.28  19.53  18.84  17.22  16.43  15.41  14.72   ##    13.16   ##     ##    11.44   ##    11.82
 25.77  24.71  23.25  22.74  21.71  21.31   ##    18.78  17.93  16.69  15.82  15.11  14.13  13.27  12.34  12.08  11.37  11.16  10.95  11.11
 25.02  24.29  23.31  22.70  21.63  20.69  19.27  17.53  17.02  16.05  15.33   ##     ##    12.84   ##    11.23   ##     9.98   9.46  10.14
  ##    24.50  23.56   ##    22.26  21.06  19.61  17.79  16.64  15.91  14.89  14.41   ##    12.92  11.73  11.22   ##     9.12   8.61   ##  
 25.34  24.65   ##    23.76  22.62  21.89   ##    18.38  16.77  15.68   ##    14.11   ##    12.69  11.88   ##     9.22   7.58   6.84   7.20
  ##    25.76  24.91  24.06   ##     ##    21.07  18.85   ##    15.82  14.86  14.44   ##    13.32   ##    10.75   8.41   6.11   3.76   3.34
  ##     ##    25.47  24.97   ##     ##     ##    18.89  17.01  15.97  14.88  14.30  13.17   ##    11.62   ##     7.42   ##     1.42   1.76
  ##    27.89  26.59   ##    24.53  22.67  21.09  18.68  17.22  15.92  15.34  14.08  14.05  13.23  12.26  10.71   7.67   4.65   ##     1.55
