    38   ##       36   ##     ##     ##     ##       31   ##       29   ##     ##       26     27   ##       25     24     23     24     25
    37   ##       35     34   ##     ##       31     30   ##       28     27     26     25   ##     ##       24     23     22     23     24
    36     35     34     33     32     31     30     29     28     27     28   ##       24     23   ##       23   ##       21     22     23
    35     34     33     32     31     30     29     28     27     26   ##       24     23     22     23     22     21     20   ##       24
  ##     ##     ##       31   ##       29     28     27   ##       25     24     23     22     21     22     21     20     19     18   ##  
  ##       32     31     30     31     30   ##       26     25     24     23     22     21     20     21   ##       19     18     17     18
    32     33   ##       29   ##     ##     ##     ##       24   ##     ##     ##     ##       19   ##       19     18   ##       16     17
    31   ##       29     28     27     26   ##     ##       23     22     21   ##     ##       18     17   ##       17   ##       15     16
    30     29     28     27   ##       25     24     23     22     21     20     19     18     17     16     17     16     15     14   ##  
  ##       28     27     26     25     24     23     22     21     20     19     18   ##       16     15     16     15     14     13     12
  ##       27     26     25     24     23   ##       21     20     19     18     17     16     15     14   ##     ##     ##       12     11
  ##       26     25     24     23     22   ##     ##       19     18     17     16     15     14     13     12     11     10     11     10
    28     27   ##       23     22     21     20     19     18     17     16     15     14   ##       12   ##     ##        9   ##        9
    27     26     25     24     23     22   ##       18     17     16     15     14     13     12     11     10      9      8      7      8
    26     25     24     23     22     21     20     19     18     17     16   ##     ##       13   ##       11   ##        7      6      7
  ##       26     25   ##       23     22     21     20     19     18     17     16   ##       14     13     12   ##        6      5   ##  
    28     27   ##       25     24     23   ##       19     18     17   ##       15   ##       15     14   ##        6      5      4      3
  ##       28     27     26   ##     ##       19     18   ##       16     15     14   ##       16   ##        6      5      4      3      2
  ##     ##       28     27   ##     ##     ##       17     16     15     14     13     12   ##       10   ##        6   ##        2      1
  ##       30     29   ##       19     18     17     16     15     14     13     12     11     10      9      8      7      8   ##        0
