  11.83   12.07   12.39   13.06   13.81   14.58   15.46   16.36   17.35   18.37   19.39   20.41   21.45   22.47   23.48   24.49   25.50   26.53   27.59   28.65
  10.60   10.88   11.25   11.94   12.69   13.52   14.42   15.39   16.41   17.43   18.45   19.49   20.50   21.51   22.52   23.54   24.60   25.66   26.73   27.81
   9.37    9.65   10.10   10.82   11.59   12.49   13.43   14.45   15.47   16.49   17.53   18.54   19.54   20.56   21.61   22.67   23.74   24.82   25.93   27.06
   8.14    8.43    8.91    9.69   10.56   11.48   12.49   13.51   14.53   15.56   16.57   17.58   18.62   19.68   20.75   21.84   22.96   24.10   25.26   26.45
   6.82    7.21    7.74    8.56    9.51   10.53   11.55   12.57   13.59   14.61   15.63   16.69   17.76   18.86   20.00   21.17   22.35   23.54   24.72   25.91
   5.46    5.98    6.56    7.49    8.50    9.56   10.61   11.63   12.65   13.70   14.77   15.90   17.07   18.26   19.44   20.63   21.82   23.02   24.21   25.41
   4.08    4.75    5.44    6.43    7.50    8.58    9.64   10.71   11.81   12.98   14.16   15.35   16.55   17.74   18.94   20.13   21.34   22.54   23.75   24.96
   2.60    3.52    4.37    5.44    6.51    7.61    8.80   10.04   11.27   12.47   13.66   14.86   16.05   17.26   18.47   19.68   20.88   22.11   23.34   24.56
   0.97    2.20    3.36    4.55    5.78    7.05    8.31    9.57   10.84   12.10   13.35   14.58   15.81   17.03   18.26   19.49   20.73   21.96   23.19   24.44
   0.00    1.02    2.69    4.21    5.54    6.81    8.10    9.38   10.66   ##     ##     ##     ##     ##     ##     19.42   20.67   21.91   23.15   24.40
   0.97    2.20    3.36    4.55    5.78    7.05    8.31    9.57   10.84   ##     ##     ##     ##     ##     ##     19.49   20.73   21.96   23.19   24.44
   2.60    3.52    4.37    5.44    6.51    7.61    8.80   10.04   11.27   ##     ##     ##     ##     ##     ##     19.68   20.88   22.11   23.34   24.56
   4.08    4.75    5.44    6.43    7.50    8.58    9.64   10.71   11.81   ##     ##     ##     ##     ##     ##     20.13   21.34   22.54   23.75   24.96
   5.46    5.98    6.56    7.49    8.50    9.56   10.61   11.63   12.65   ##     ##     ##     ##     ##     ##     20.63   21.82   23.02   24.21   25.41
   6.82    7.21    7.74    8.56    9.51   10.53   11.55   12.57   13.59   14.61   15.63   16.69   17.76   18.86   20.00   21.17   22.35   23.54   24.72   25.91
   8.14    8.43    8.91    9.69   10.56   11.48   12.49   13.51   14.53   15.56   16.57   17.58   18.62   19.68   20.75   21.84   22.96   24.10   25.26   26.45
   9.37    9.65   10.10   10.82   11.59   12.49   13.43   14.45   15.47   16.49   17.53   18.54   19.54   20.56   21.61   22.67   23.74   24.82   25.93   27.06
  10.60   10.88   11.25   11.94   12.69   13.52   14.42   15.39   16.41   17.43   18.45   19.49   20.50   21.51   22.52   23.54   24.60   25.66   26.73   27.81
  11.83   12.07   12.39   13.06   13.81   14.58   15.46   16.36   17.35   18.37   19.39   20.41   21.45   22.47   23.48   24.49   25.50   26.53   27.59   28.65
  13.01   13.26   13.55   14.19   14.92   15.68   16.49   17.39   18.30   19.31   20.33   21.35   22.38   23.41   24.44   25.45   26.46   27.47   28.47   29.52
