   9   10   11   12   13   14   15   16   17   18   19   20   21   22   23   24   25   26   27   28
   8    9   10   11   12   13   14   15   16   17   18   19   20   21   22   23   24   25   26   27
   7    8    9   10   11   12   13   14   15   16   17   18   19   20   21   22   23   24   25   26
   6    7    8    9   10   11   12   13   14   15   16   17   18   19   20   21   22   23   24   25
   5    6    7    8    9   10   11   12   13   14   15   16   17   18   19   20   21   22   23   24
   4    5    6    7    8    9   10   11   12   13   14   15   16   17   18   19   20   21   22   23
   3    4    5    6    7    8    9   10   11   12   13   14   15   16   17   18   19   20   21   22
   2    3    4    5    6    7    8    9   10   11   12   13   14   15   16   17   18   19   20   21
   1    2    3    4    5    6    7    8    9   10   11   12   13   14   15   16   17   18   19   20
   0    1    2    3    4    5    6    7    8   ##     ##     ##     ##     ##     ##     17   18   19   20   21
   1    2    3    4    5    6    7    8    9   ##     ##     ##     ##     ##     ##     18   19   20   21   22
   2    3    4    5    6    7    8    9   10   ##     ##     ##     ##     ##     ##     19   20   21   22   23
   3    4    5    6    7    8    9   10   11   ##     ##     ##     ##     ##     ##     20   21   22   23   24
   4    5    6    7    8    9   10   11   12   ##     ##     ##     ##     ##     ##     21   22   23   24   25
   5    6    7    8    9   10   11   12   13   14   15   16   17   18   19   20   21   22   23   24
   6    7    8    9   10   11   12   13   14   15   16   17   18   19   20   21   22   23   24   25
   7    8    9   10   11   12   13   14   15   16   17   18   19   20   21   22   23   24   25   26
   8    9   10   11   12   13   14   15   16   17   18   19   20   21   22   23   24   25   26   27
   9   10   11   12   13   14   15   16   17   18   19   20   21   22   23   24   25   26   27   28
  10   11   12   13   14   15   16   17   18   19   20   21   22   23   24   25   26   27   28   29
