   2.62    1.46    0.51   -0.33   -0.83   -1.24   -1.55   -1.29   -1.58   -1.47   -1.84   -2.07   -1.84   -0.71   -0.53   -0.67   -0.14   -1.19    0.73   -0.61
   2.82    0.75    0.17   -1.15   -1.23   -1.04   -1.60   -1.03   -0.99   -0.97   -1.26   -1.44   -1.31   -0.92   -0.36   -0.55   -0.20   -0.30    0.46    1.69
   3.27    1.19    0.15   -0.90   -0.86   -1.15   -1.23   -0.93   -0.58   -0.40   -0.58   -0.74   -0.84   -0.72   -0.10    0.01    0.16    0.49    0.90    0.33
   2.55    0.73   -0.37   -0.84   -1.05   -1.15   -1.12   -0.80   -0.65   -0.55   -0.63   -0.79   -0.71   -0.45    0.11    0.22    0.46    0.67    0.86    0.48
   2.81    1.16    0.58   -0.66   -1.01   -1.09   -0.65   -0.67   -0.88   -0.62   -0.61   -0.56   -0.56   -0.39    0.06    0.30    0.56    0.77    0.90    0.44
   1.34    0.36   -0.46   -1.14   -0.64   -1.04   -0.89   -0.85   -0.74   -0.39   -0.42   -0.55   -0.38   -0.36    0.23    0.66    1.14    1.16    1.20    0.83
   1.26   -0.15   -0.65   -0.85   -0.64   -0.89   -1.19   -0.68   -0.28    0.06   -0.22    0.10    0.27    0.56    0.56    0.76    1.26    1.50    1.55    1.25
   0.23   -1.13   -1.21   -0.73   -0.47   -0.68   -0.43   -0.63    0.31    0.63    1.35    2.38    2.86    2.48    2.18    1.79    1.85    2.09    2.15    1.55
   0.70   -0.58   -0.33   -0.30   -0.03   -0.09    0.00   -0.01    1.11    2.68    4.98    6.03    6.61    6.08    4.97    3.41    2.56    2.75    2.80    2.42
   1.31   -0.42    0.12    0.39    0.95    0.77    1.07    1.25    3.58   ##     ##     ##     ##     ##     ##      3.35    1.98    1.81    1.84    1.26
   1.04   -0.38   -0.39   -0.56   -0.26    0.05    0.12    0.40    4.02   ##     ##     ##     ##     ##     ##      4.17    1.52    1.17    0.89    0.63
   0.94   -0.58   -0.88   -0.60   -0.62   -0.74   -0.13    0.56    4.01   ##     ##     ##     ##     ##     ##      4.79    1.39    0.52    0.39   -0.02
   0.90   -0.42   -1.08   -0.90   -0.83   -0.83   -0.87   -0.39    2.80   ##     ##     ##     ##     ##     ##      3.62    0.53   -0.02   -0.35   -0.47
   1.08    0.48   -0.55   -0.95   -0.90   -0.71   -0.52   -0.38    1.57   ##     ##     ##     ##     ##     ##      1.56   -0.36   -0.70   -0.85   -1.22
   3.02    0.89    0.15   -0.69   -0.64   -0.93   -0.82   -0.50   -0.29    1.12    2.16    3.52    3.41    3.08    2.53    1.44    0.69    0.81    0.51    0.74
   2.68    0.87    0.08   -0.54   -0.58   -0.77   -0.56   -0.71   -0.43   -0.28    0.00   -0.04    0.01    0.18    0.87    0.46    0.53    0.38    0.13   -0.09
   3.39    1.45    0.36   -0.17   -0.77   -0.49   -0.84   -0.83   -0.84   -0.43   -0.53   -0.48   -0.25   -0.14    0.56    0.22    0.40    0.18   -0.30    0.02
   3.38    2.16    0.71    0.04   -0.40   -0.64   -0.69   -0.39   -0.34   -0.36   -0.53   -0.61   -0.37   -0.00    0.45    0.23    0.21    0.04   -0.30   -0.38
   4.24    2.55    1.03    0.39   -0.02   -0.50   -0.72   -0.52   -0.30   -0.57   -0.75   -1.02   -0.70   -0.67    0.05    0.05    0.13   -0.29   -0.34   -0.41
   3.45    2.91    1.37    0.80    0.34   -0.21   -0.65   -0.81   -0.61   -0.92   -0.77   -1.12   -1.17   -1.18   -0.26   -0.24    0.23    0.02   -0.45   -1.18
