  11.62   11.46   11.51   11.67   12.17   12.76   13.45   14.71   15.42   16.53   17.16   17.93   19.16   21.29   22.47   23.33   24.86   24.81   27.73   27.39
  10.82    9.75   10.17    9.85   10.77   11.96   12.40   13.97   15.01   16.03   16.74   17.56   18.69   20.08   21.64   22.45   23.80   24.70   26.46   28.69
  10.27    9.19    9.15    9.10   10.14   10.85   11.77   13.07   14.42   15.60   16.42   17.26   18.16   19.28   20.90   22.01   23.16   24.49   25.90   26.33
   8.55    7.73    7.63    8.16    8.95    9.85   10.88   12.20   13.35   14.45   15.37   16.21   17.29   18.55   20.11   21.22   22.46   23.67   24.86   25.48
   7.81    7.16    7.58    7.34    7.99    8.91   10.35   11.33   12.12   13.38   14.39   15.44   16.44   17.61   19.06   20.30   21.56   22.77   23.90   24.44
   5.34    5.36    5.54    5.86    7.36    7.96    9.11   10.15   11.26   12.61   13.58   14.45   15.62   16.64   18.23   19.66   21.14   22.16   23.20   23.83
   4.26    3.85    4.35    5.15    6.36    7.11    7.81    9.32   10.72   12.06   12.78   14.10   15.27   16.56   17.56   18.76   20.26   21.50   22.55   23.25
   2.23    1.87    2.79    4.27    5.53    6.32    7.57    8.37   10.31   11.63   13.35   15.38   16.86   17.48   18.18   18.79   19.85   21.09   22.15   22.55
   1.70    1.42    2.67    3.70    4.97    5.91    7.00    7.99   10.11   12.68   15.98   18.03   19.61   20.08   19.97   19.41   19.56   20.75   21.80   22.42
   1.31    0.58    2.12    3.39    4.95    5.77    7.07    8.25   11.58   ##     ##     ##     ##     ##     ##     20.35   19.98   20.81   21.84   22.26
   2.04    1.62    2.61    3.44    4.74    6.05    7.12    8.40   13.02   ##     ##     ##     ##     ##     ##     22.17   20.52   21.17   21.89   22.63
   2.94    2.42    3.12    4.40    5.38    6.26    7.87    9.56   14.01   ##     ##     ##     ##     ##     ##     23.79   21.39   21.52   22.39   22.98
   3.90    3.58    3.92    5.10    6.17    7.17    8.13    9.61   13.80   ##     ##     ##     ##     ##     ##     23.62   21.53   21.98   22.65   23.53
   5.08    5.48    5.45    6.05    7.10    8.29    9.48   10.62   13.57   ##     ##     ##     ##     ##     ##     22.56   21.64   22.30   23.15   23.78
   8.02    6.89    7.15    7.31    8.36    9.07   10.18   11.50   12.71   15.12   17.16   19.52   20.41   21.08   21.53   21.44   21.69   22.81   23.51   24.74
   8.68    7.87    8.08    8.46    9.42   10.23   11.44   12.29   13.57   14.72   16.00   16.96   18.01   19.18   20.87   21.46   22.53   23.38   24.13   24.91
  10.39    9.45    9.36    9.83   10.23   11.51   12.16   13.17   14.16   15.57   16.47   17.52   18.75   19.86   21.56   22.22   23.40   24.18   24.70   26.02
  11.38   11.16   10.71   11.04   11.60   12.36   13.31   14.61   15.66   16.64   17.47   18.39   19.63   21.00   22.45   23.23   24.21   25.04   25.70   26.62
  13.24   12.55   12.03   12.39   12.98   13.50   14.28   15.48   16.70   17.43   18.25   18.98   20.30   21.33   23.05   24.05   25.13   25.71   26.66   27.59
  13.45   13.91   13.37   13.80   14.34   14.79   15.35   16.19   17.39   18.08   19.23   19.88   20.83   21.82   23.74   24.76   26.23   27.02   27.55   27.82
